timestamp	f1_415	f2_445	f3_480	f4_515	f5_555	f6_590	f7_630	f8_680	clear	nir	T	P	RH	Gas	model	mode	gain	atime	astep	led
2026-07-06T13:12:20.894	753	1751	1256	2394	5746	5334	6062	7616	6802	759	29.39	1014.58	54.1	23525	AS7341	flash	6	100	999	1
2026-07-06T13:12:30.930	753	1755	1256	2391	5733	5319	6045	7598	6789	759	29.45	1014.55	53.97	23578	AS7341	flash	6	100	999	1
2026-07-06T13:12:40.915	752	1759	1258	2388	5723	5308	6032	7585	6779	757	29.5	1014.56	54.35	23367	AS7341	flash	6	100	999	1
2026-07-06T13:12:51.015	751	1763	1259	2386	5708	5293	6015	7568	6768	756	29.55	1014.54	54.33	23367	AS7341	flash	6	100	999	1
2026-07-06T13:13:00.940	751	1768	1261	2385	5701	5284	6003	7552	6761	755	29.59	1014.62	54.02	23393	AS7341	flash	6	100	999	1
2026-07-06T13:13:10.985	751	1772	1262	2383	5691	5274	5992	7541	6752	754	29.64	1014.59	54.41	23135	AS7341	flash	6	100	999	1
2026-07-06T13:13:21.054	750	1775	1263	2380	5681	5264	5981	7529	6744	753	29.71	1014.57	54.61	23160	AS7341	flash	6	100	999	1
2026-07-06T13:13:31.023	750	1779	1265	2378	5671	5254	5972	7520	6735	752	29.77	1014.6	54.89	23109	AS7341	flash	6	100	999	1
2026-07-06T13:13:41.013	749	1783	1265	2375	5662	5243	5960	7509	6729	751	29.82	1014.59	55.05	23033	AS7341	flash	6	100	999	1
2026-07-06T13:13:51.086	749	1787	1267	2372	5648	5229	5945	7494	6716	750	29.87	1014.57	55.13	22907	AS7341	flash	6	100	999	1
2026-07-06T13:14:01.029	748	1792	1268	2371	5639	5218	5934	7484	6709	750	29.91	1014.58	55.12	22832	AS7341	flash	6	100	999	1
2026-07-06T13:14:11.103	748	1796	1269	2369	5630	5207	5921	7470	6700	749	29.96	1014.58	55.4	22610	AS7341	flash	6	100	999	1
2026-07-06T13:14:21.051	747	1799	1270	2367	5621	5199	5909	7456	6691	748	30.0	1014.57	55.46	22857	AS7341	flash	6	100	999	1
2026-07-06T13:14:31.088	749	1793	1269	2375	5657	5239	5956	7490	6726	751	30.05	1014.55	55.64	22417	AS7341	flash	6	100	999	1
2026-07-06T13:14:41.054	755	1770	1266	2401	5749	5340	6072	7591	6814	759	30.08	1014.59	55.87	22659	AS7341	flash	6	100	999	1
2026-07-06T13:14:51.100	756	1767	1265	2405	5759	5350	6083	7609	6825	760	30.13	1014.58	55.95	22465	AS7341	flash	6	100	999	1
2026-07-06T13:15:01.055	754	1775	1267	2399	5735	5322	6051	7584	6802	758	30.17	1014.58	56.2	22561	AS7341	flash	6	100	999	1
2026-07-06T13:15:11.031	755	1774	1267	2397	5717	5302	6030	7583	6836	764	30.21	1014.62	55.99	22465	AS7341	flash	6	100	999	1
2026-07-06T13:15:21.106	754	1780	1269	2396	5723	5311	6045	7592	6800	758	30.3	1014.62	56.77	22297	AS7341	flash	6	100	999	1
2026-07-06T13:15:31.040	755	1785	1271	2392	5705	5293	6029	7587	6787	756	30.4	1014.58	57.45	22179	AS7341	flash	6	100	999	1
2026-07-06T13:15:41.031	753	1791	1272	2385	5678	5264	6002	7566	6765	754	30.47	1014.61	57.62	22132	AS7341	flash	6	100	999	1
2026-07-06T13:15:51.023	752	1800	1274	2376	5646	5230	5964	7533	6736	751	30.53	1014.6	57.71	22016	AS7341	flash	6	100	999	1
2026-07-06T13:16:01.111	750	1809	1275	2367	5616	5199	5928	7501	6711	749	30.58	1014.6	57.07	21970	AS7341	flash	6	100	999	1
2026-07-06T13:16:11.106	749	1818	1278	2361	5592	5173	5901	7476	6690	747	30.63	1014.62	57.25	22039	AS7341	flash	6	100	999	1
2026-07-06T13:16:21.095	749	1825	1280	2355	5570	5149	5876	7452	6670	745	30.68	1014.63	57.5	21993	AS7341	flash	6	100	999	1
2026-07-06T13:16:31.061	747	1831	1282	2349	5549	5129	5854	7432	6653	744	30.71	1014.6	57.79	21924	AS7341	flash	6	100	999	1
2026-07-06T13:16:41.036	747	1838	1284	2345	5532	5113	5837	7417	6640	742	30.74	1014.58	57.41	22016	AS7341	flash	6	100	999	1
2026-07-06T13:16:51.129	746	1843	1284	2340	5518	5097	5822	7403	6629	741	30.77	1014.64	57.91	21924	AS7341	flash	6	100	999	1
2026-07-06T13:17:01.092	746	1848	1286	2335	5502	5083	5809	7395	6619	740	30.8	1014.61	58.16	21970	AS7341	flash	6	100	999	1
2026-07-06T13:17:11.064	745	1853	1287	2332	5490	5071	5799	7387	6610	739	30.84	1014.59	58.65	21970	AS7341	flash	6	100	999	1
2026-07-06T13:17:21.040	745	1857	1288	2327	5476	5059	5787	7379	6600	738	30.87	1014.6	58.93	21947	AS7341	flash	6	100	999	1
2026-07-06T13:17:31.026	745	1862	1290	2324	5465	5048	5776	7371	6593	737	30.9	1014.58	59.0	21855	AS7341	flash	6	100	999	1
2026-07-06T13:17:41.052	744	1865	1291	2321	5452	5036	5766	7365	6585	737	30.93	1014.59	59.16	21947	AS7341	flash	6	100	999	1
2026-07-06T13:17:51.026	744	1870	1292	2317	5440	5025	5756	7361	6576	736	30.96	1014.6	59.76	21924	AS7341	flash	6	100	999	1
2026-07-06T13:18:01.024	744	1873	1293	2312	5429	5014	5747	7355	6569	736	30.99	1014.61	60.19	21832	AS7341	flash	6	100	999	1
2026-07-06T13:18:11.020	744	1877	1294	2308	5418	5003	5738	7353	6562	735	31.03	1014.59	60.34	21787	AS7341	flash	6	100	999	1
2026-07-06T13:18:21.108	743	1880	1295	2305	5405	4992	5730	7352	6556	734	31.05	1014.6	60.92	21741	AS7341	flash	6	100	999	1
2026-07-06T13:18:31.087	743	1883	1296	2300	5394	4982	5723	7350	6548	734	31.08	1014.57	61.35	21764	AS7341	flash	6	100	999	1
2026-07-06T13:18:41.043	743	1887	1296	2296	5381	4970	5714	7348	6541	733	31.11	1014.61	61.82	21719	AS7341	flash	6	100	999	1
2026-07-06T13:18:51.097	743	1891	1297	2291	5367	4958	5706	7347	6533	732	31.14	1014.59	62.26	21696	AS7341	flash	6	100	999	1
2026-07-06T13:19:01.073	743	1895	1299	2288	5358	4950	5700	7349	6528	732	31.18	1014.57	62.87	21696	AS7341	flash	6	100	999	1
2026-07-06T13:19:11.039	743	1898	1299	2283	5343	4936	5689	7347	6517	731	31.22	1014.62	63.39	21652	AS7341	flash	6	100	999	1
2026-07-06T13:19:21.119	743	1902	1300	2278	5332	4928	5682	7349	6511	730	31.25	1014.63	63.79	21607	AS7341	flash	6	100	999	1
2026-07-06T13:19:31.088	742	1906	1301	2275	5321	4917	5674	7350	6506	730	31.27	1014.62	64.19	21585	AS7341	flash	6	100	999	1
2026-07-06T13:19:41.029	742	1908	1302	2270	5305	4903	5664	7345	6496	729	31.29	1014.67	64.42	21696	AS7341	flash	6	100	999	1
2026-07-06T13:19:51.116	742	1912	1302	2265	5295	4894	5659	7348	6492	728	31.32	1014.64	64.72	21585	AS7341	flash	6	100	999	1
2026-07-06T13:20:01.079	742	1915	1303	2262	5283	4884	5652	7351	6486	727	31.34	1014.6	65.29	21585	AS7341	flash	6	100	999	1
2026-07-06T13:20:11.029	742	1918	1304	2257	5272	4874	5646	7353	6481	728	31.36	1014.62	65.75	21696	AS7341	flash	6	100	999	1
2026-07-06T13:20:21.099	742	1920	1305	2252	5260	4864	5639	7357	6475	727	31.38	1014.64	66.34	21585	AS7341	flash	6	100	999	1
2026-07-06T13:20:31.081	742	1923	1305	2248	5246	4854	5631	7356	6468	726	31.39	1014.57	66.4	21652	AS7341	flash	6	100	999	1
2026-07-06T13:20:41.044	742	1927	1306	2244	5235	4843	5624	7359	6463	726	31.4	1014.6	66.89	21696	AS7341	flash	6	100	999	1
2026-07-06T13:20:51.127	742	1928	1306	2239	5225	4834	5619	7363	6459	726	31.42	1014.57	67.56	21585	AS7341	flash	6	100	999	1
2026-07-06T13:21:01.118	741	1931	1307	2236	5215	4826	5615	7369	6455	725	31.44	1014.6	68.13	21540	AS7341	flash	6	100	999	1
2026-07-06T13:21:11.039	742	1931	1307	2233	5209	4823	5615	7375	6455	725	31.43	1014.64	68.13	21629	AS7341	flash	6	100	999	1
2026-07-06T13:21:21.125	742	1931	1307	2232	5210	4825	5621	7383	6459	726	31.41	1014.64	67.54	21674	AS7341	flash	6	100	999	1
2026-07-06T13:21:31.101	742	1929	1307	2234	5214	4831	5628	7387	6463	726	31.39	1014.65	67.2	21855	AS7341	flash	6	100	999	1
2026-07-06T13:21:41.054	742	1927	1306	2235	5222	4839	5637	7393	6471	727	31.37	1014.66	66.47	21993	AS7341	flash	6	100	999	1
2026-07-06T13:21:51.125	743	1925	1306	2238	5228	4847	5644	7393	6477	727	31.33	1014.64	65.56	22203	AS7341	flash	6	100	999	1
2026-07-06T13:22:01.090	743	1922	1306	2241	5240	4858	5654	7396	6485	728	31.3	1014.63	64.97	22489	AS7341	flash	6	100	999	1
2026-07-06T13:22:11.036	743	1920	1305	2245	5251	4869	5663	7399	6491	728	31.27	1014.61	64.5	22561	AS7341	flash	6	100	999	1
2026-07-06T13:22:21.030	743	1917	1304	2250	5265	4884	5677	7406	6502	729	31.24	1014.67	64.2	22807	AS7341	flash	6	100	999	1
2026-07-06T13:22:31.107	743	1912	1303	2252	5274	4892	5683	7405	6504	730	31.19	1014.63	63.64	22882	AS7341	flash	6	100	999	1
2026-07-06T13:22:41.044	743	1909	1302	2257	5288	4906	5696	7413	6515	731	31.15	1014.64	63.17	23135	AS7341	flash	6	100	999	1
2026-07-06T13:22:51.130	744	1905	1301	2261	5301	4917	5707	7418	6524	731	31.11	1014.64	62.94	23263	AS7341	flash	6	100	999	1
2026-07-06T13:23:01.120	744	1901	1300	2265	5315	4930	5718	7425	6531	732	31.08	1014.64	62.62	23446	AS7341	flash	6	100	999	1
2026-07-06T13:23:11.088	745	1899	1299	2269	5327	4941	5728	7429	6540	733	31.03	1014.59	62.11	23762	AS7341	flash	6	100	999	1
2026-07-06T13:23:21.066	745	1894	1299	2273	5337	4950	5736	7434	6546	733	30.98	1014.6	61.77	23925	AS7341	flash	6	100	999	1
2026-07-06T13:23:31.123	745	1890	1297	2277	5350	4963	5747	7442	6556	734	30.94	1014.59	61.23	24034	AS7341	flash	6	100	999	1
2026-07-06T13:23:41.081	745	1886	1296	2280	5359	4971	5754	7445	6560	735	30.88	1014.61	61.17	24285	AS7341	flash	6	100	999	1
2026-07-06T13:23:51.057	746	1883	1295	2284	5370	4982	5765	7452	6569	736	30.85	1014.6	61.05	24398	AS7341	flash	6	100	999	1
2026-07-06T13:24:01.120	746	1878	1294	2287	5382	4994	5776	7462	6578	737	30.8	1014.62	60.98	24455	AS7341	flash	6	100	999	1
2026-07-06T13:24:11.070	746	1874	1293	2290	5393	5003	5785	7470	6585	738	30.77	1014.66	61.03	24628	AS7341	flash	6	100	999	1
2026-07-06T13:24:21.050	747	1871	1292	2293	5405	5015	5796	7480	6594	739	30.74	1014.62	60.89	24628	AS7341	flash	6	100	999	1
2026-07-06T13:24:31.020	746	1867	1291	2296	5412	5023	5806	7486	6601	740	30.71	1014.67	60.68	24613	AS7341	flash	6	100	999	1
2026-07-06T13:24:41.085	746	1864	1290	2299	5422	5031	5813	7493	6608	740	30.67	1014.64	60.09	24802	AS7341	flash	6	100	999	1
2026-07-06T13:24:51.052	747	1861	1289	2301	5431	5040	5821	7501	6614	741	30.62	1014.66	60.02	25114	AS7341	flash	6	100	999	1
2026-07-06T13:25:01.032	747	1859	1289	2304	5439	5048	5829	7508	6621	742	30.58	1014.61	59.83	25251	AS7341	flash	6	100	999	1
2026-07-06T13:25:11.032	747	1856	1288	2306	5446	5055	5836	7514	6627	742	30.53	1014.6	59.49	25388	AS7341	flash	6	100	999	1
2026-07-06T13:25:21.031	748	1854	1287	2309	5456	5063	5845	7523	6634	743	30.5	1014.63	59.68	25465	AS7341	flash	6	100	999	1
2026-07-06T13:25:31.117	748	1850	1286	2311	5462	5070	5851	7528	6638	743	30.46	1014.66	59.5	25435	AS7341	flash	6	100	999	1
2026-07-06T13:25:41.081	748	1847	1285	2312	5468	5077	5858	7537	6643	744	30.42	1014.63	59.51	25779	AS7341	flash	6	100	999	1
2026-07-06T13:25:51.053	748	1845	1285	2315	5475	5083	5865	7542	6649	744	30.38	1014.67	59.37	25922	AS7341	flash	6	100	999	1
2026-07-06T13:26:01.027	748	1842	1284	2316	5479	5087	5870	7547	6652	745	30.34	1014.65	59.39	25938	AS7341	flash	6	100	999	1
2026-07-06T13:26:11.100	750	1840	1283	2318	5488	5096	5879	7558	6660	746	30.3	1014.66	59.43	26019	AS7341	flash	6	100	999	1
2026-07-06T13:26:21.060	749	1837	1282	2318	5492	5100	5885	7564	6664	746	30.27	1014.63	59.38	26165	AS7341	flash	6	100	999	1
2026-07-06T13:26:31.046	749	1835	1282	2320	5498	5106	5893	7572	6669	747	30.22	1014.61	58.97	26165	AS7341	flash	6	100	999	1
2026-07-06T13:26:41.119	749	1833	1281	2321	5500	5109	5894	7575	6670	746	30.18	1014.62	59.02	26247	AS7341	flash	6	100	999	1
2026-07-06T13:26:51.113	749	1831	1280	2322	5503	5113	5899	7581	6674	747	30.14	1014.63	58.89	26379	AS7341	flash	6	100	999	1
2026-07-06T13:27:01.076	750	1830	1280	2323	5508	5117	5904	7586	6679	747	30.11	1014.64	58.9	26869	AS7341	flash	6	100	999	1
2026-07-06T13:27:11.025	750	1828	1279	2324	5513	5122	5910	7594	6683	748	30.07	1014.62	59.02	26835	AS7341	flash	6	100	999	1
2026-07-06T13:27:21.071	750	1826	1278	2324	5515	5124	5913	7598	6683	747	30.04	1014.58	58.8	26732	AS7341	flash	6	100	999	1
2026-07-06T13:27:31.044	750	1825	1278	2326	5519	5128	5918	7605	6688	748	30.0	1014.67	58.87	27218	AS7341	flash	6	100	999	1
2026-07-06T13:27:41.101	750	1823	1278	2326	5521	5132	5923	7611	6691	748	29.97	1014.65	59.16	27078	AS7341	flash	6	100	999	1
2026-07-06T13:27:51.065	750	1821	1277	2326	5525	5134	5927	7617	6694	748	29.93	1014.65	59.07	27504	AS7341	flash	6	100	999	1
2026-07-06T13:28:01.029	750	1820	1276	2326	5525	5136	5930	7621	6695	748	29.89	1014.63	58.98	27631	AS7341	flash	6	100	999	1
2026-07-06T13:28:11.093	751	1818	1276	2327	5529	5140	5935	7628	6699	749	29.84	1014.64	58.96	27613	AS7341	flash	6	100	999	1
2026-07-06T13:28:21.069	751	1817	1275	2327	5531	5142	5938	7634	6701	749	29.81	1014.66	59.05	27907	AS7341	flash	6	100	999	1
2026-07-06T13:28:31.044	751	1816	1275	2327	5533	5145	5942	7637	6704	749	29.78	1014.66	59.13	27963	AS7341	flash	6	100	999	1
2026-07-06T13:28:41.108	751	1815	1274	2327	5533	5146	5943	7641	6704	749	29.75	1014.63	59.06	28056	AS7341	flash	6	100	999	1
2026-07-06T13:28:51.085	751	1814	1274	2327	5535	5147	5947	7646	6707	750	29.73	1014.66	59.18	28132	AS7341	flash	6	100	999	1
2026-07-06T13:29:01.073	751	1813	1274	2327	5536	5149	5949	7651	6708	750	29.69	1014.63	59.41	28132	AS7341	flash	6	100	999	1
2026-07-06T13:29:11.040	751	1812	1273	2327	5537	5150	5952	7655	6710	750	29.67	1014.63	59.38	28322	AS7341	flash	6	100	999	1
2026-07-06T13:29:21.079	751	1811	1273	2327	5537	5151	5953	7659	6711	750	29.64	1014.68	59.25	28360	AS7341	flash	6	100	999	1
2026-07-06T13:29:31.047	751	1810	1272	2327	5538	5152	5956	7663	6712	750	29.61	1014.61	59.26	28592	AS7341	flash	6	100	999	1
2026-07-06T13:29:41.125	751	1810	1272	2327	5539	5152	5957	7666	6712	750	29.58	1014.63	59.53	28514	AS7341	flash	6	100	999	1
2026-07-06T13:29:51.109	752	1808	1272	2327	5538	5152	5958	7669	6712	751	29.56	1014.62	59.69	28573	AS7341	flash	6	100	999	1
2026-07-06T13:30:01.063	751	1807	1271	2327	5539	5155	5963	7675	6716	751	29.54	1014.67	59.77	28690	AS7341	flash	6	100	999	1
2026-07-06T13:30:11.141	751	1807	1271	2326	5540	5155	5964	7677	6716	751	29.51	1014.63	59.59	28868	AS7341	flash	6	100	999	1
2026-07-06T13:30:21.072	751	1807	1271	2327	5541	5157	5967	7683	6719	752	29.49	1014.63	59.5	29008	AS7341	flash	6	100	999	1
2026-07-06T13:30:31.061	751	1806	1270	2326	5539	5156	5967	7682	6717	751	29.47	1014.66	59.41	29129	AS7341	flash	6	100	999	1
2026-07-06T13:30:41.143	751	1805	1270	2325	5540	5156	5968	7685	6716	751	29.44	1014.69	59.38	29149	AS7341	flash	6	100	999	1
2026-07-06T13:30:51.106	751	1805	1270	2325	5541	5157	5969	7689	6718	751	29.42	1014.66	59.6	29190	AS7341	flash	6	100	999	1
2026-07-06T13:31:01.078	751	1804	1269	2324	5539	5155	5968	7686	6708	750	29.4	1014.66	59.48	29353	AS7341	flash	6	100	999	1
2026-07-06T13:31:11.049	751	1805	1269	2323	5535	5151	5966	7691	6714	752	29.4	1014.67	59.9	29436	AS7341	flash	6	100	999	1
2026-07-06T13:31:21.082	751	1803	1269	2320	5529	5147	5970	7712	6715	751	29.41	1014.63	61.22	29149	AS7341	flash	6	100	999	1
2026-07-06T13:31:31.131	751	1802	1268	2312	5509	5130	5965	7729	6708	751	29.44	1014.65	62.73	28789	AS7341	flash	6	100	999	1
2026-07-06T13:31:41.102	750	1804	1267	2304	5483	5106	5950	7745	6693	749	29.47	1014.72	64.68	28729	AS7341	flash	6	100	999	1
2026-07-06T13:31:51.089	749	1805	1267	2293	5454	5077	5932	7755	6677	749	29.49	1014.7	66.41	28379	AS7341	flash	6	100	999	1
2026-07-06T13:32:01.049	749	1808	1266	2281	5422	5048	5912	7760	6659	747	29.54	1014.67	68.02	27981	AS7341	flash	6	100	999	1
2026-07-06T13:32:11.096	748	1812	1267	2272	5395	5023	5895	7769	6646	747	29.57	1014.68	68.93	27722	AS7341	flash	6	100	999	1
2026-07-06T13:32:21.061	748	1816	1268	2264	5372	5001	5883	7777	6635	745	29.6	1014.67	69.48	27631	AS7341	flash	6	100	999	1
2026-07-06T13:32:31.050	748	1819	1269	2256	5345	4978	5864	7776	6619	744	29.63	1014.68	69.52	27686	AS7341	flash	6	100	999	1
2026-07-06T13:32:41.132	748	1823	1269	2248	5323	4957	5850	7778	6606	743	29.65	1014.7	70.01	27576	AS7341	flash	6	100	999	1
2026-07-06T13:32:51.055	747	1826	1269	2241	5306	4942	5840	7783	6598	742	29.68	1014.74	70.72	27540	AS7341	flash	6	100	999	1
2026-07-06T13:33:01.140	746	1828	1269	2234	5286	4923	5826	7780	6584	741	29.7	1014.72	71.19	27504	AS7341	flash	6	100	999	1
2026-07-06T13:33:11.140	745	1830	1269	2229	5270	4908	5815	7783	6577	740	29.73	1014.73	71.77	27396	AS7341	flash	6	100	999	1
2026-07-06T13:33:21.100	745	1832	1271	2223	5253	4893	5805	7784	6568	739	29.76	1014.71	72.23	27254	AS7341	flash	6	100	999	1
2026-07-06T13:33:31.066	746	1835	1271	2220	5240	4882	5798	7787	6562	739	29.79	1014.66	72.79	27218	AS7341	flash	6	100	999	1
2026-07-06T13:33:41.057	745	1836	1271	2213	5227	4869	5787	7787	6553	738	29.83	1014.71	73.38	27078	AS7341	flash	6	100	999	1
2026-07-06T13:33:51.096	744	1837	1271	2208	5213	4857	5780	7788	6546	737	29.87	1014.71	73.78	26869	AS7341	flash	6	100	999	1
2026-07-06T13:34:01.079	744	1839	1272	2206	5205	4850	5777	7795	6545	737	29.92	1014.74	73.79	26835	AS7341	flash	6	100	999	1
2026-07-06T13:34:11.041	743	1840	1272	2202	5194	4839	5769	7795	6538	737	29.94	1014.77	73.5	26956	AS7341	flash	6	100	999	1
2026-07-06T13:34:21.116	743	1842	1272	2198	5183	4829	5762	7795	6531	736	29.97	1014.7	73.59	27008	AS7341	flash	6	100	999	1
2026-07-06T13:34:31.101	743	1844	1273	2195	5174	4820	5756	7796	6528	736	29.99	1014.73	73.68	26818	AS7341	flash	6	100	999	1
2026-07-06T13:34:41.067	742	1845	1273	2192	5163	4811	5748	7795	6521	735	30.03	1014.74	74.12	26990	AS7341	flash	6	100	999	1
2026-07-06T13:34:51.103	742	1847	1273	2189	5155	4804	5742	7798	6518	735	30.06	1014.64	74.6	26783	AS7341	flash	6	100	999	1
2026-07-06T13:35:01.101	742	1848	1274	2187	5147	4796	5738	7798	6512	735	30.1	1014.67	74.37	26732	AS7341	flash	6	100	999	1
2026-07-06T13:35:11.085	741	1849	1274	2184	5139	4790	5734	7801	6510	734	30.13	1014.7	74.69	26766	AS7341	flash	6	100	999	1
2026-07-06T13:35:21.073	741	1850	1274	2181	5134	4784	5730	7803	6507	733	30.14	1014.76	75.12	26681	AS7341	flash	6	100	999	1
2026-07-06T13:35:31.041	741	1850	1274	2178	5126	4777	5725	7804	6504	734	30.19	1014.67	75.49	26580	AS7341	flash	6	100	999	1
2026-07-06T13:35:41.124	741	1852	1275	2176	5120	4771	5722	7807	6502	733	30.22	1014.69	76.05	26396	AS7341	flash	6	100	999	1
2026-07-06T13:35:51.047	741	1852	1275	2174	5114	4766	5719	7810	6499	733	30.25	1014.7	75.5	26462	AS7341	flash	6	100	999	1
2026-07-06T13:36:01.102	740	1852	1275	2171	5109	4760	5714	7811	6496	733	30.28	1014.71	75.68	26446	AS7341	flash	6	100	999	1
2026-07-06T13:36:11.052	740	1853	1276	2170	5105	4757	5713	7818	6496	733	30.31	1014.75	75.63	26165	AS7341	flash	6	100	999	1
2026-07-06T13:36:21.122	740	1853	1275	2168	5099	4752	5709	7817	6495	732	30.33	1014.75	75.47	26313	AS7341	flash	6	100	999	1
2026-07-06T13:36:31.105	740	1853	1276	2166	5093	4745	5704	7819	6490	731	30.37	1014.74	76.2	26165	AS7341	flash	6	100	999	1
2026-07-06T13:36:41.075	740	1854	1276	2164	5088	4741	5701	7820	6487	732	30.4	1014.76	76.53	26149	AS7341	flash	6	100	999	1
2026-07-06T13:36:51.033	740	1854	1276	2163	5085	4738	5699	7823	6487	731	30.44	1014.75	76.58	25906	AS7341	flash	6	100	999	1
2026-07-06T13:37:01.116	740	1855	1276	2161	5077	4730	5691	7821	6481	732	30.47	1014.78	76.52	26035	AS7341	flash	6	100	999	1
2026-07-06T13:37:11.085	741	1855	1276	2160	5073	4725	5689	7822	6479	732	30.49	1014.75	76.5	26003	AS7341	flash	6	100	999	1
2026-07-06T13:37:21.051	739	1855	1276	2158	5066	4719	5683	7821	6475	731	30.52	1014.77	76.84	25874	AS7341	flash	6	100	999	1
2026-07-06T13:37:31.031	739	1856	1276	2156	5062	4714	5681	7824	6473	731	30.56	1014.78	76.53	25906	AS7341	flash	6	100	999	1
2026-07-06T13:37:41.119	739	1857	1277	2156	5058	4711	5679	7827	6475	731	30.58	1014.81	76.75	25810	AS7341	flash	6	100	999	1
2026-07-06T13:37:51.105	739	1857	1277	2154	5054	4706	5674	7826	6470	731	30.6	1014.77	76.5	25842	AS7341	flash	6	100	999	1
2026-07-06T13:38:01.067	739	1858	1277	2152	5049	4701	5670	7828	6468	731	30.63	1014.78	76.43	25810	AS7341	flash	6	100	999	1
2026-07-06T13:38:11.066	739	1858	1277	2151	5047	4701	5672	7832	6468	731	30.63	1014.86	71.69	26247	AS7341	flash	6	100	999	1
2026-07-06T13:38:21.057	739	1860	1278	2149	5038	4691	5661	7823	6461	730	30.65	1014.75	75.48	25970	AS7341	flash	6	100	999	1
2026-07-06T13:38:31.140	739	1863	1278	2148	5036	4687	5658	7824	6460	730	30.69	1014.76	77.11	25826	AS7341	flash	6	100	999	1
2026-07-06T13:38:41.125	738	1862	1278	2146	5026	4677	5649	7816	6451	729	30.72	1014.78	77.39	25621	AS7341	flash	6	100	999	1
2026-07-06T13:38:51.089	738	1863	1278	2145	5022	4675	5647	7820	6451	729	30.76	1014.82	76.86	25890	AS7341	flash	6	100	999	1
2026-07-06T13:39:01.057	738	1863	1278	2143	5020	4671	5644	7819	6449	729	30.78	1014.79	77.25	25795	AS7341	flash	6	100	999	1
2026-07-06T13:39:11.126	738	1864	1279	2142	5015	4666	5640	7818	6447	728	30.8	1014.82	77.77	25700	AS7341	flash	6	100	999	1
2026-07-06T13:39:21.116	738	1865	1279	2141	5013	4666	5641	7823	6447	728	30.82	1014.82	77.69	25637	AS7341	flash	6	100	999	1
2026-07-06T13:39:31.091	738	1866	1280	2141	5009	4662	5637	7821	6445	728	30.84	1014.81	76.74	25779	AS7341	flash	6	100	999	1
2026-07-06T13:39:41.074	737	1866	1279	2139	5007	4658	5634	7821	6444	728	30.86	1014.85	77.12	25621	AS7341	flash	6	100	999	1
2026-07-06T13:39:51.047	738	1867	1280	2137	5001	4652	5628	7818	6439	727	30.89	1014.83	77.79	25590	AS7341	flash	6	100	999	1
2026-07-06T13:40:01.126	737	1867	1280	2136	4996	4648	5624	7818	6437	727	30.92	1014.87	78.22	25574	AS7341	flash	6	100	999	1
2026-07-06T13:40:11.134	737	1867	1280	2135	4994	4646	5624	7820	6435	727	30.93	1014.85	75.86	25747	AS7341	flash	6	100	999	1
2026-07-06T13:40:21.113	737	1868	1280	2135	4992	4643	5623	7823	6436	727	30.94	1014.8	77.38	25826	AS7341	flash	6	100	999	1
2026-07-06T13:40:31.085	737	1869	1281	2135	4991	4642	5623	7826	6436	727	30.97	1014.83	78.03	25747	AS7341	flash	6	100	999	1
2026-07-06T13:40:41.077	736	1867	1280	2133	4985	4636	5617	7823	6430	727	31.0	1014.83	78.39	25574	AS7341	flash	6	100	999	1
2026-07-06T13:40:51.061	737	1867	1280	2133	4984	4636	5619	7827	6432	727	31.01	1014.81	77.99	25668	AS7341	flash	6	100	999	1
2026-07-06T13:41:01.136	737	1866	1280	2133	4986	4638	5621	7834	6436	727	31.03	1014.82	78.15	25543	AS7341	flash	6	100	999	1
2026-07-06T13:41:11.116	738	1857	1278	2137	5001	4655	5646	7861	6452	729	31.01	1014.81	77.75	25621	AS7341	flash	6	100	999	1
2026-07-06T13:41:21.093	738	1848	1276	2141	5017	4673	5670	7884	6469	730	30.98	1014.8	77.19	25747	AS7341	flash	6	100	999	1
2026-07-06T13:41:31.057	738	1843	1275	2144	5025	4684	5684	7893	6480	732	30.96	1014.84	76.74	25938	AS7341	flash	6	100	999	1
2026-07-06T13:41:41.051	738	1841	1274	2145	5032	4691	5693	7901	6489	732	30.93	1014.79	76.12	26116	AS7341	flash	6	100	999	1
2026-07-06T13:41:51.145	738	1840	1275	2146	5034	4694	5695	7899	6492	732	30.9	1014.81	76.13	26100	AS7341	flash	6	100	999	1
2026-07-06T13:42:01.127	738	1842	1275	2146	5035	4696	5694	7898	6496	733	30.88	1014.83	76.09	26100	AS7341	flash	6	100	999	1
2026-07-06T13:42:11.111	738	1843	1276	2146	5034	4694	5691	7889	6496	733	30.85	1014.82	75.72	26313	AS7341	flash	6	100	999	1
2026-07-06T13:42:21.096	738	1847	1277	2146	5033	4694	5689	7884	6497	733	30.83	1014.82	74.48	26512	AS7341	flash	6	100	999	1
2026-07-06T13:42:31.050	737	1849	1278	2144	5030	4691	5682	7873	6493	733	30.8	1014.77	74.24	26630	AS7341	flash	6	100	999	1
2026-07-06T13:42:41.144	738	1854	1279	2145	5029	4690	5679	7866	6493	732	30.76	1014.83	73.85	26749	AS7341	flash	6	100	999	1
2026-07-06T13:42:51.140	737	1857	1280	2143	5025	4685	5672	7854	6488	732	30.73	1014.84	73.15	26973	AS7341	flash	6	100	999	1
2026-07-06T13:43:01.125	737	1861	1281	2142	5021	4681	5664	7842	6483	731	30.69	1014.79	72.68	27148	AS7341	flash	6	100	999	1
2026-07-06T13:43:11.091	737	1866	1282	2142	5017	4678	5658	7832	6479	731	30.66	1014.82	72.93	27130	AS7341	flash	6	100	999	1
2026-07-06T13:43:21.076	737	1868	1282	2140	5014	4674	5651	7821	6474	731	30.63	1014.85	72.72	27378	AS7341	flash	6	100	999	1
2026-07-06T13:43:31.157	737	1872	1284	2140	5011	4671	5644	7810	6470	730	30.6	1014.86	71.79	27414	AS7341	flash	6	100	999	1
2026-07-06T13:43:41.137	737	1877	1285	2139	5007	4667	5637	7799	6465	730	30.55	1014.82	71.88	27576	AS7341	flash	6	100	999	1
2026-07-06T13:43:51.136	736	1879	1285	2138	5006	4665	5632	7789	6461	729	30.52	1014.78	72.17	27704	AS7341	flash	6	100	999	1
2026-07-06T13:44:01.116	737	1882	1286	2138	5002	4661	5625	7778	6456	728	30.48	1014.8	72.29	27613	AS7341	flash	6	100	999	1
2026-07-06T13:44:11.111	737	1885	1287	2137	5001	4661	5622	7771	6453	728	30.45	1014.75	71.75	27981	AS7341	flash	6	100	999	1
2026-07-06T13:44:21.086	737	1888	1287	2137	4999	4659	5618	7762	6451	728	30.42	1014.82	71.43	28075	AS7341	flash	6	100	999	1
2026-07-06T13:44:31.164	737	1891	1288	2137	4999	4658	5614	7755	6447	728	30.38	1014.82	70.96	28113	AS7341	flash	6	100	999	1
2026-07-06T13:44:41.146	737	1894	1288	2136	4997	4656	5608	7745	6442	727	30.33	1014.8	70.61	28322	AS7341	flash	6	100	999	1
2026-07-06T13:44:51.143	736	1896	1289	2135	4997	4655	5606	7738	6439	727	30.29	1014.77	70.42	28360	AS7341	flash	6	100	999	1
2026-07-06T13:45:01.127	736	1897	1289	2136	4997	4656	5603	7733	6439	727	30.25	1014.8	71.66	28322	AS7341	flash	6	100	999	1
2026-07-06T13:45:11.109	737	1899	1289	2137	4999	4658	5604	7731	6438	727	30.21	1014.75	71.6	28592	AS7341	flash	6	100	999	1
2026-07-06T13:45:21.083	737	1899	1289	2137	5001	4660	5605	7727	6438	727	30.18	1014.74	71.36	28553	AS7341	flash	6	100	999	1
2026-07-06T13:45:31.060	737	1901	1289	2137	5002	4660	5603	7722	6436	727	30.15	1014.76	71.01	28908	AS7341	flash	6	100	999	1
2026-07-06T13:45:41.117	737	1902	1290	2139	5004	4662	5604	7718	6437	727	30.12	1014.75	71.01	28988	AS7341	flash	6	100	999	1
2026-07-06T13:45:51.107	737	1903	1290	2140	5007	4666	5605	7716	6437	727	30.09	1014.74	70.75	28988	AS7341	flash	6	100	999	1
2026-07-06T13:46:01.107	737	1903	1290	2140	5007	4666	5604	7710	6435	726	30.06	1014.73	70.75	29210	AS7341	flash	6	100	999	1
2026-07-06T13:46:11.077	738	1904	1290	2140	5009	4668	5604	7706	6436	726	30.03	1014.78	70.48	29518	AS7341	flash	6	100	999	1
2026-07-06T13:46:21.159	737	1905	1290	2141	5012	4671	5605	7705	6436	727	29.98	1014.76	69.22	29728	AS7341	flash	6	100	999	1
2026-07-06T13:46:31.153	738	1906	1291	2142	5016	4674	5607	7704	6439	727	29.95	1014.78	69.77	29770	AS7341	flash	6	100	999	1
2026-07-06T13:46:41.116	739	1906	1290	2143	5020	4678	5609	7700	6439	727	29.92	1014.78	69.58	30026	AS7341	flash	6	100	999	1
2026-07-06T13:46:51.103	738	1907	1290	2144	5020	4679	5608	7692	6437	727	29.87	1014.71	69.42	29940	AS7341	flash	6	100	999	1
2026-07-06T13:47:01.068	739	1908	1290	2145	5023	4682	5608	7689	6438	728	29.84	1014.73	69.64	30286	AS7341	flash	6	100	999	1
2026-07-06T13:47:11.162	738	1909	1291	2145	5023	4681	5605	7683	6436	726	29.81	1014.72	69.49	30199	AS7341	flash	6	100	999	1
2026-07-06T13:47:21.160	738	1909	1291	2145	5023	4681	5603	7676	6434	727	29.8	1014.76	69.5	30374	AS7341	flash	6	100	999	1
2026-07-06T13:47:31.149	738	1913	1292	2146	5026	4683	5602	7673	6435	726	29.78	1014.69	69.11	30396	AS7341	flash	6	100	999	1
2026-07-06T13:47:41.109	738	1914	1292	2145	5025	4681	5597	7662	6431	725	29.74	1014.7	68.75	30641	AS7341	flash	6	100	999	1
2026-07-06T13:47:51.093	739	1917	1292	2146	5026	4683	5596	7654	6431	725	29.72	1014.74	68.25	30866	AS7341	flash	6	100	999	1
2026-07-06T13:48:01.076	738	1919	1293	2147	5025	4682	5592	7646	6428	726	29.69	1014.68	68.31	30866	AS7341	flash	6	100	999	1
2026-07-06T13:48:11.160	738	1920	1293	2147	5027	4683	5589	7638	6426	726	29.67	1014.69	68.73	30821	AS7341	flash	6	100	999	1
2026-07-06T13:48:21.143	738	1921	1294	2149	5032	4687	5591	7636	6428	725	29.64	1014.68	69.02	30912	AS7341	flash	6	100	999	1
2026-07-06T13:48:31.126	738	1921	1294	2149	5035	4691	5594	7635	6430	726	29.62	1014.66	68.49	31003	AS7341	flash	6	100	999	1
2026-07-06T13:48:41.104	738	1921	1294	2151	5040	4696	5597	7634	6433	726	29.6	1014.67	68.72	30980	AS7341	flash	6	100	999	1
2026-07-06T13:48:51.092	739	1921	1294	2154	5046	4702	5603	7637	6437	727	29.58	1014.7	68.56	31141	AS7341	flash	6	100	999	1
2026-07-06T13:49:01.082	739	1919	1293	2154	5050	4704	5604	7634	6438	727	29.56	1014.68	68.56	31304	AS7341	flash	6	100	999	1
2026-07-06T13:49:11.159	739	1917	1293	2156	5054	4710	5608	7634	6440	726	29.54	1014.68	68.6	31328	AS7341	flash	6	100	999	1
2026-07-06T13:49:21.139	740	1916	1293	2158	5060	4716	5613	7637	6444	726	29.52	1014.67	68.15	31374	AS7341	flash	6	100	999	1
2026-07-06T13:49:31.117	740	1915	1292	2160	5064	4720	5617	7636	6446	727	29.51	1014.65	68.2	31492	AS7341	flash	6	100	999	1
2026-07-06T13:49:41.066	740	1913	1292	2162	5070	4725	5621	7639	6449	728	29.49	1014.69	67.93	31731	AS7341	flash	6	100	999	1
2026-07-06T13:49:51.154	740	1912	1292	2163	5077	4733	5628	7642	6454	728	29.46	1014.67	67.92	31731	AS7341	flash	6	100	999	1
2026-07-06T13:50:01.154	740	1911	1291	2166	5082	4738	5631	7643	6457	729	29.45	1014.65	67.72	31900	AS7341	flash	6	100	999	1
2026-07-06T13:50:11.137	740	1906	1290	2169	5095	4751	5645	7653	6466	729	29.42	1014.66	67.34	32046	AS7341	flash	6	100	999	1
2026-07-06T13:50:21.131	741	1900	1288	2173	5111	4768	5664	7665	6478	731	29.4	1014.7	67.22	32144	AS7341	flash	6	100	999	1
2026-07-06T13:50:31.112	742	1895	1287	2177	5124	4782	5679	7677	6489	732	29.36	1014.69	67.39	32120	AS7341	flash	6	100	999	1
2026-07-06T13:50:41.109	742	1890	1285	2180	5132	4791	5688	7683	6495	732	29.34	1014.72	67.44	32368	AS7341	flash	6	100	999	1
2026-07-06T13:50:51.071	742	1888	1285	2183	5139	4798	5695	7689	6499	733	29.33	1014.73	67.61	32368	AS7341	flash	6	100	999	1
2026-07-06T13:51:01.062	742	1885	1285	2184	5143	4801	5698	7687	6495	732	29.32	1014.73	67.47	32468	AS7341	flash	6	100	999	1
2026-07-06T13:51:11.158	742	1885	1285	2184	5147	4802	5698	7687	6501	733	29.33	1014.71	67.73	32418	AS7341	flash	6	100	999	1
2026-07-06T13:51:21.142	742	1879	1283	2187	5155	4813	5711	7705	6509	734	29.34	1014.7	68.97	32268	AS7341	flash	6	100	999	1
2026-07-06T13:51:31.126	743	1872	1281	2189	5163	4820	5724	7729	6519	735	29.36	1014.73	70.12	31851	AS7341	flash	6	100	999	1
2026-07-06T13:51:41.103	743	1866	1280	2189	5164	4820	5729	7747	6520	735	29.39	1014.72	70.63	31731	AS7341	flash	6	100	999	1
2026-07-06T13:51:51.068	743	1862	1277	2188	5160	4815	5729	7761	6519	735	29.42	1014.72	70.86	31707	AS7341	flash	6	100	999	1
2026-07-06T13:52:01.169	743	1859	1276	2185	5154	4808	5728	7775	6517	735	29.45	1014.75	72.17	31516	AS7341	flash	6	100	999	1
2026-07-06T13:52:11.143	743	1855	1275	2184	5150	4801	5726	7788	6514	735	29.48	1014.7	73.16	31188	AS7341	flash	6	100	999	1
2026-07-06T13:52:21.139	742	1850	1273	2181	5142	4794	5724	7800	6511	735	29.52	1014.75	73.95	30821	AS7341	flash	6	100	999	1
2026-07-06T13:52:31.122	742	1849	1273	2180	5141	4792	5727	7817	6513	735	29.55	1014.71	74.18	30821	AS7341	flash	6	100	999	1
2026-07-06T13:52:41.098	742	1845	1271	2179	5134	4787	5726	7826	6510	735	29.59	1014.66	74.31	30753	AS7341	flash	6	100	999	1
2026-07-06T13:52:51.064	741	1842	1271	2178	5132	4783	5728	7840	6512	734	29.63	1014.68	74.8	30730	AS7341	flash	6	100	999	1
2026-07-06T13:53:01.162	741	1840	1271	2177	5130	4781	5731	7856	6515	735	29.67	1014.71	75.22	30573	AS7341	flash	6	100	999	1
2026-07-06T13:53:11.136	742	1837	1269	2175	5126	4774	5728	7864	6511	735	29.72	1014.7	75.58	30418	AS7341	flash	6	100	999	1
2026-07-06T13:53:21.106	741	1836	1268	2174	5123	4771	5729	7874	6513	735	29.76	1014.71	75.65	30330	AS7341	flash	6	100	999	1
2026-07-06T13:53:31.095	741	1834	1268	2172	5120	4770	5733	7886	6513	736	29.8	1014.69	75.82	30352	AS7341	flash	6	100	999	1
2026-07-06T13:53:41.085	741	1832	1267	2172	5116	4765	5731	7892	6512	736	29.84	1014.76	75.66	30374	AS7341	flash	6	100	999	1
2026-07-06T13:53:51.166	741	1830	1267	2172	5116	4764	5735	7903	6516	736	29.87	1014.7	75.74	30177	AS7341	flash	6	100	999	1
2026-07-06T13:54:01.157	741	1830	1266	2170	5111	4761	5732	7909	6514	736	29.91	1014.65	76.01	30177	AS7341	flash	6	100	999	1
2026-07-06T13:54:11.137	741	1828	1266	2170	5107	4756	5732	7915	6514	736	29.94	1014.64	76.12	30243	AS7341	flash	6	100	999	1
2026-07-06T13:54:21.126	740	1827	1266	2169	5105	4755	5733	7920	6514	736	29.98	1014.68	75.81	30221	AS7341	flash	6	100	999	1
2026-07-06T13:54:31.133	741	1827	1266	2168	5101	4750	5731	7922	6512	736	30.01	1014.65	75.86	30199	AS7341	flash	6	100	999	1
2026-07-06T13:54:41.097	740	1826	1267	2166	5097	4746	5730	7930	6512	736	30.05	1014.65	75.57	30243	AS7341	flash	6	100	999	1
2026-07-06T13:54:51.080	740	1826	1267	2165	5094	4743	5728	7934	6512	736	30.08	1014.7	76.05	30221	AS7341	flash	6	100	999	1
2026-07-06T13:55:01.065	740	1826	1267	2164	5090	4739	5725	7934	6509	735	30.1	1014.68	75.56	30069	AS7341	flash	6	100	999	1
2026-07-06T13:55:11.154	740	1826	1267	2164	5086	4736	5724	7938	6508	735	30.13	1014.69	75.6	30156	AS7341	flash	6	100	999	1
2026-07-06T13:55:21.116	740	1825	1267	2163	5083	4732	5721	7940	6507	734	30.16	1014.64	75.77	30069	AS7341	flash	6	100	999	1
2026-07-06T13:55:31.119	740	1825	1267	2161	5081	4730	5721	7945	6507	735	30.18	1014.64	75.91	30134	AS7341	flash	6	100	999	1
2026-07-06T13:55:41.092	740	1825	1267	2160	5076	4725	5718	7943	6505	734	30.21	1014.7	76.32	29983	AS7341	flash	6	100	999	1
2026-07-06T13:55:51.063	740	1825	1267	2159	5073	4722	5717	7946	6504	735	30.24	1014.65	76.44	29876	AS7341	flash	6	100	999	1
2026-07-06T13:56:01.146	740	1825	1267	2157	5070	4719	5716	7948	6504	735	30.27	1014.68	75.08	29940	AS7341	flash	6	100	999	1
2026-07-06T13:56:11.144	740	1825	1268	2158	5068	4717	5715	7952	6503	735	30.28	1014.65	76.35	30004	AS7341	flash	6	100	999	1
2026-07-06T13:56:21.119	740	1826	1268	2158	5068	4716	5716	7956	6505	734	30.32	1014.63	76.95	29749	AS7341	flash	6	100	999	1
2026-07-06T13:56:31.090	740	1825	1267	2157	5065	4713	5713	7956	6503	735	30.34	1014.64	76.33	29560	AS7341	flash	6	100	999	1
2026-07-06T13:56:41.167	740	1826	1267	2157	5061	4710	5710	7957	6502	735	30.38	1014.64	77.33	29477	AS7341	flash	6	100	999	1
2026-07-06T13:56:51.149	739	1826	1268	2155	5059	4708	5710	7960	6501	734	30.41	1014.65	77.47	29498	AS7341	flash	6	100	999	1
2026-07-06T13:57:01.120	739	1826	1269	2156	5058	4706	5708	7962	6503	735	30.45	1014.68	77.57	29477	AS7341	flash	6	100	999	1
2026-07-06T13:57:11.106	739	1826	1268	2155	5056	4705	5708	7965	6503	734	30.48	1014.7	77.69	29602	AS7341	flash	6	100	999	1
2026-07-06T13:57:21.075	739	1825	1267	2155	5055	4705	5709	7968	6504	735	30.52	1014.7	77.95	29251	AS7341	flash	6	100	999	1
2026-07-06T13:57:31.167	739	1824	1267	2155	5054	4705	5711	7971	6505	735	30.55	1014.73	77.99	28908	AS7341	flash	6	100	999	1
2026-07-06T13:57:41.174	739	1824	1268	2155	5052	4702	5709	7971	6503	735	30.58	1014.71	77.4	29251	AS7341	flash	6	100	999	1
2026-07-06T13:57:51.142	739	1825	1268	2155	5051	4701	5710	7975	6504	734	30.62	1014.7	78.05	29149	AS7341	flash	6	100	999	1
2026-07-06T13:58:01.125	739	1824	1268	2154	5050	4700	5709	7977	6504	734	30.63	1014.72	77.61	29394	AS7341	flash	6	100	999	1
2026-07-06T13:58:11.116	739	1824	1269	2153	5046	4695	5707	7976	6502	734	30.66	1014.72	77.45	29048	AS7341	flash	6	100	999	1
2026-07-06T13:58:21.101	739	1824	1268	2153	5047	4698	5708	7981	6505	735	30.7	1014.74	78.17	28948	AS7341	flash	6	100	999	1
2026-07-06T13:58:31.096	739	1824	1268	2153	5045	4695	5706	7980	6505	735	30.72	1014.75	77.96	28868	AS7341	flash	6	100	999	1
2026-07-06T13:58:41.074	739	1824	1268	2151	5042	4691	5703	7979	6503	734	30.76	1014.68	78.06	28908	AS7341	flash	6	100	999	1
2026-07-06T13:58:51.166	739	1825	1269	2150	5039	4690	5700	7980	6502	734	30.78	1014.76	78.23	28789	AS7341	flash	6	100	999	1
2026-07-06T13:59:01.164	739	1826	1269	2150	5035	4686	5696	7978	6500	733	30.8	1014.68	78.2	28828	AS7341	flash	6	100	999	1
2026-07-06T13:59:11.139	739	1828	1269	2149	5029	4678	5688	7972	6495	733	30.84	1014.73	79.74	28437	AS7341	flash	6	100	999	1
2026-07-06T13:59:21.119	738	1827	1270	2148	5028	4679	5690	7976	6496	734	30.86	1014.73	79.14	28514	AS7341	flash	6	100	999	1
2026-07-06T13:59:31.098	739	1827	1270	2148	5027	4677	5689	7977	6496	734	30.87	1014.72	78.38	28631	AS7341	flash	6	100	999	1
2026-07-06T13:59:41.086	738	1827	1269	2147	5025	4674	5686	7975	6494	733	30.88	1014.71	78.44	28495	AS7341	flash	6	100	999	1
2026-07-06T13:59:51.162	739	1828	1270	2147	5022	4673	5685	7978	6494	733	30.91	1014.71	79.52	28437	AS7341	flash	6	100	999	1
2026-07-06T14:00:01.160	739	1828	1271	2147	5022	4672	5684	7980	6494	733	30.93	1014.67	79.13	28379	AS7341	flash	6	100	999	1
2026-07-06T14:00:11.147	739	1827	1270	2146	5019	4670	5683	7980	6493	733	30.95	1014.7	78.66	28514	AS7341	flash	6	100	999	1
2026-07-06T14:00:21.129	739	1829	1271	2146	5019	4669	5681	7982	6493	733	30.99	1014.77	79.34	28360	AS7341	flash	6	100	999	1
2026-07-06T14:00:31.105	739	1828	1270	2145	5015	4666	5679	7979	6492	733	31.03	1014.73	79.4	28245	AS7341	flash	6	100	999	1
2026-07-06T14:00:41.102	739	1829	1271	2144	5015	4665	5680	7982	6493	733	31.05	1014.71	79.27	28360	AS7341	flash	6	100	999	1
2026-07-06T14:00:51.077	739	1829	1271	2144	5012	4663	5678	7980	6491	733	31.07	1014.72	78.99	28322	AS7341	flash	6	100	999	1
2026-07-06T14:01:01.154	739	1829	1272	2145	5017	4669	5685	7993	6499	734	31.09	1014.71	78.69	28341	AS7341	flash	6	100	999	1
2026-07-06T14:01:11.133	740	1818	1269	2151	5036	4690	5715	8019	6518	736	31.09	1014.74	78.14	28437	AS7341	flash	6	100	999	1
2026-07-06T14:01:21.095	740	1808	1267	2158	5059	4717	5748	8051	6541	738	31.07	1014.75	77.28	28553	AS7341	flash	6	100	999	1
2026-07-06T14:01:31.090	741	1800	1265	2162	5076	4736	5772	8069	6558	739	31.05	1014.77	77.31	28651	AS7341	flash	6	100	999	1
2026-07-06T14:01:41.069	741	1796	1264	2166	5088	4750	5789	8084	6575	741	31.03	1014.75	76.96	28710	AS7341	flash	6	100	999	1
2026-07-06T14:01:51.136	741	1794	1264	2169	5097	4761	5801	8089	6587	741	31.01	1014.74	76.29	28769	AS7341	flash	6	100	999	1
2026-07-06T14:02:01.130	741	1793	1264	2170	5100	4766	5805	8090	6593	742	30.98	1014.75	75.93	28948	AS7341	flash	6	100	999	1
2026-07-06T14:02:11.132	741	1794	1265	2171	5103	4768	5807	8090	6598	742	30.96	1014.75	75.33	29068	AS7341	flash	6	100	999	1
2026-07-06T14:02:21.096	741	1797	1266	2171	5103	4768	5805	8084	6600	742	30.95	1014.69	75.2	29190	AS7341	flash	6	100	999	1
2026-07-06T14:02:31.076	741	1799	1267	2171	5102	4768	5802	8078	6600	742	30.93	1014.77	74.65	29353	AS7341	flash	6	100	999	1
2026-07-06T14:02:41.067	741	1801	1267	2170	5099	4766	5797	8070	6599	743	30.89	1014.78	73.31	29644	AS7341	flash	6	100	999	1
2026-07-06T14:02:51.158	740	1805	1268	2169	5093	4760	5787	8056	6594	742	30.85	1014.74	73.27	29602	AS7341	flash	6	100	999	1
2026-07-06T14:03:01.126	740	1809	1270	2168	5090	4755	5779	8046	6590	742	30.83	1014.76	73.28	29707	AS7341	flash	6	100	999	1
2026-07-06T14:03:11.121	740	1813	1270	2165	5084	4749	5767	8031	6583	741	30.81	1014.76	73.49	29812	AS7341	flash	6	100	999	1
2026-07-06T14:03:21.125	739	1817	1271	2164	5079	4745	5761	8020	6578	741	30.78	1014.75	73.38	29728	AS7341	flash	6	100	999	1
2026-07-06T14:03:31.098	740	1821	1272	2162	5073	4738	5751	8005	6571	740	30.77	1014.74	73.39	29919	AS7341	flash	6	100	999	1
2026-07-06T14:03:41.070	739	1826	1273	2162	5069	4734	5744	7995	6565	739	30.74	1014.72	73.23	29876	AS7341	flash	6	100	999	1
2026-07-06T14:03:51.159	738	1829	1274	2160	5064	4729	5736	7982	6560	739	30.72	1014.74	72.7	30134	AS7341	flash	6	100	999	1
2026-07-06T14:04:01.138	738	1833	1275	2159	5057	4722	5725	7966	6551	738	30.69	1014.76	72.85	29983	AS7341	flash	6	100	999	1
2026-07-06T14:04:11.125	738	1837	1276	2157	5054	4718	5718	7958	6547	737	30.67	1014.75	72.67	30069	AS7341	flash	6	100	999	1
2026-07-06T14:04:21.068	738	1841	1276	2156	5048	4713	5708	7945	6539	737	30.64	1014.71	72.56	30462	AS7341	flash	6	100	999	1
2026-07-06T14:04:31.147	739	1845	1277	2155	5044	4707	5700	7932	6532	736	30.61	1014.74	72.16	30396	AS7341	flash	6	100	999	1
2026-07-06T14:04:41.130	737	1848	1278	2153	5040	4703	5692	7920	6528	736	30.58	1014.76	71.96	30396	AS7341	flash	6	100	999	1
2026-07-06T14:04:51.085	738	1853	1279	2153	5037	4701	5687	7911	6522	735	30.54	1014.72	71.97	30529	AS7341	flash	6	100	999	1
2026-07-06T14:05:01.166	738	1856	1280	2152	5034	4698	5681	7902	6518	735	30.51	1014.74	71.78	30618	AS7341	flash	6	100	999	1
2026-07-06T14:05:11.150	738	1860	1281	2151	5031	4695	5674	7892	6514	734	30.49	1014.72	71.53	30821	AS7341	flash	6	100	999	1
2026-07-06T14:05:21.120	738	1863	1281	2150	5028	4690	5666	7882	6507	734	30.47	1014.73	71.54	30866	AS7341	flash	6	100	999	1
2026-07-06T14:05:31.095	738	1866	1282	2149	5024	4687	5660	7871	6501	733	30.43	1014.71	71.25	31026	AS7341	flash	6	100	999	1
2026-07-06T14:05:41.154	737	1869	1283	2149	5022	4685	5655	7862	6499	733	30.4	1014.73	71.12	31095	AS7341	flash	6	100	999	1
2026-07-06T14:05:51.145	738	1873	1284	2149	5022	4684	5652	7855	6496	732	30.37	1014.7	70.93	31469	AS7341	flash	6	100	999	1
2026-07-06T14:06:01.137	737	1875	1284	2148	5020	4682	5648	7847	6491	732	30.32	1014.71	70.51	31611	AS7341	flash	6	100	999	1
2026-07-06T14:06:11.094	737	1876	1284	2147	5018	4680	5642	7836	6486	732	30.28	1014.7	70.77	31683	AS7341	flash	6	100	999	1
2026-07-06T14:06:21.172	737	1879	1284	2148	5018	4681	5641	7831	6486	732	30.26	1014.69	70.67	31755	AS7341	flash	6	100	999	1
2026-07-06T14:06:31.129	737	1881	1285	2148	5019	4681	5639	7826	6485	732	30.23	1014.66	70.25	31659	AS7341	flash	6	100	999	1
2026-07-06T14:06:41.090	738	1883	1285	2149	5018	4680	5636	7820	6483	731	30.2	1014.71	70.56	31948	AS7341	flash	6	100	999	1
2026-07-06T14:06:51.088	737	1885	1286	2148	5020	4682	5636	7816	6482	731	30.17	1014.69	69.98	32194	AS7341	flash	6	100	999	1
2026-07-06T14:07:01.066	738	1886	1286	2149	5021	4683	5635	7811	6483	732	30.14	1014.69	70.15	32318	AS7341	flash	6	100	999	1
2026-07-06T14:07:11.156	738	1888	1287	2149	5022	4684	5635	7807	6481	731	30.13	1014.71	70.28	32243	AS7341	flash	6	100	999	1
2026-07-06T14:07:21.121	739	1889	1287	2150	5024	4685	5634	7803	6481	732	30.1	1014.69	69.96	32368	AS7341	flash	6	100	999	1
2026-07-06T14:07:31.100	738	1890	1287	2150	5023	4685	5631	7795	6478	731	30.07	1014.69	69.68	32343	AS7341	flash	6	100	999	1
2026-07-06T14:07:41.169	738	1892	1287	2150	5023	4685	5629	7789	6476	730	30.04	1014.78	69.64	32594	AS7341	flash	6	100	999	1
2026-07-06T14:07:51.158	739	1893	1287	2151	5024	4686	5627	7784	6474	730	30.02	1014.7	69.99	32544	AS7341	flash	6	100	999	1
2026-07-06T14:08:01.149	738	1894	1288	2151	5024	4685	5624	7777	6473	730	29.99	1014.74	70.41	32696	AS7341	flash	6	100	999	1
2026-07-06T14:08:11.090	738	1897	1288	2150	5025	4686	5622	7771	6472	731	29.96	1014.68	69.72	32798	AS7341	flash	6	100	999	1
2026-07-06T14:08:21.077	738	1896	1288	2156	5046	4709	5648	7791	6485	730	29.93	1014.67	68.31	33188	AS7341	flash	6	100	999	1
2026-07-06T14:08:31.076	736	1900	1284	2143	5013	4676	5601	7726	6448	728	29.89	1014.69	66.0	33776	AS7341	flash	6	100	999	1
