timestamp	f1_415	f2_445	f3_480	f4_515	f5_555	f6_590	f7_630	f8_680	clear	nir	T	P	RH	Gas	model	mode	gain	atime	astep	led
2026-07-07T11:27:49.133	934	2235	1355	2733	6576	6197	7047	8766	7897	858	27.35	1011.86	53.94	94389	AS7341	flash	5	100	999	10
2026-07-07T11:27:51.148	934	2235	1355	2733	6577	6199	7048	8767	7898	858	27.36	1011.89	53.96	94389	AS7341	flash	5	100	999	10
2026-07-07T11:27:53.067	934	2235	1355	2732	6576	6198	7047	8766	7898	858	27.36	1011.88	53.94	94924	AS7341	flash	5	100	999	10
2026-07-07T11:27:55.081	934	2235	1355	2732	6576	6199	7048	8766	7898	858	27.35	1011.89	53.93	94817	AS7341	flash	5	100	999	10
2026-07-07T11:27:57.087	934	2235	1355	2733	6576	6198	7047	8766	7897	858	27.35	1011.85	53.92	94817	AS7341	flash	5	100	999	10
2026-07-07T11:27:59.097	934	2235	1355	2733	6574	6197	7046	8764	7896	858	27.35	1011.9	53.9	95032	AS7341	flash	5	100	999	10
2026-07-07T11:28:01.115	934	2235	1355	2733	6576	6198	7047	8765	7897	858	27.34	1011.88	53.93	94709	AS7341	flash	5	100	999	10
2026-07-07T11:28:03.133	934	2236	1355	2733	6577	6200	7048	8768	7899	858	27.35	1011.88	53.91	94496	AS7341	flash	5	100	999	10
2026-07-07T11:28:05.159	934	2235	1355	2733	6576	6199	7048	8766	7898	858	27.34	1011.85	53.91	94817	AS7341	flash	5	100	999	10
2026-07-07T11:28:07.062	933	2234	1354	2732	6576	6198	7047	8764	7896	858	27.35	1011.88	53.91	95465	AS7341	flash	5	100	999	10
2026-07-07T11:28:09.075	934	2235	1355	2733	6577	6199	7047	8766	7897	858	27.34	1011.86	53.88	95140	AS7341	flash	5	100	999	10
2026-07-07T11:28:11.087	934	2235	1355	2734	6577	6199	7047	8764	7897	858	27.34	1011.86	53.89	94817	AS7341	flash	5	100	999	10
2026-07-07T11:28:13.113	934	2235	1355	2733	6578	6200	7048	8766	7898	858	27.34	1011.87	53.88	94924	AS7341	flash	5	100	999	10
2026-07-07T11:28:15.135	934	2235	1355	2733	6578	6201	7050	8767	7899	858	27.33	1011.89	53.89	94602	AS7341	flash	5	100	999	10
2026-07-07T11:28:17.051	934	2234	1355	2733	6578	6199	7048	8765	7897	858	27.35	1011.9	53.86	95465	AS7341	flash	5	100	999	10
2026-07-07T11:28:19.135	934	2235	1355	2733	6580	6202	7050	8768	7900	858	27.33	1011.83	53.86	94817	AS7341	flash	5	100	999	10
2026-07-07T11:28:21.145	934	2235	1354	2734	6580	6202	7052	8767	7900	858	27.32	1011.86	53.87	94602	AS7341	flash	5	100	999	10
2026-07-07T11:28:23.162	934	2235	1355	2734	6581	6203	7052	8770	7902	858	27.32	1011.91	53.87	94389	AS7341	flash	5	100	999	10
2026-07-07T11:28:25.076	934	2235	1355	2733	6580	6202	7051	8768	7900	858	27.34	1011.92	53.87	95574	AS7341	flash	5	100	999	10
2026-07-07T11:28:27.155	934	2234	1354	2733	6579	6201	7050	8765	7898	858	27.32	1011.92	53.84	94924	AS7341	flash	5	100	999	10
2026-07-07T11:28:29.061	934	2235	1355	2734	6582	6204	7053	8770	7903	859	27.33	1011.89	53.87	95032	AS7341	flash	5	100	999	10
2026-07-07T11:28:31.075	934	2235	1355	2735	6582	6204	7053	8770	7902	859	27.32	1011.92	53.85	95032	AS7341	flash	5	100	999	10
2026-07-07T11:28:33.092	934	2235	1355	2735	6582	6204	7054	8771	7902	859	27.32	1011.91	53.84	95140	AS7341	flash	5	100	999	10
2026-07-07T11:28:35.119	934	2234	1355	2734	6582	6204	7053	8769	7902	858	27.32	1011.9	53.85	94817	AS7341	flash	5	100	999	10
2026-07-07T11:28:37.129	934	2235	1355	2735	6581	6203	7052	8767	7899	858	27.32	1011.88	53.85	94709	AS7341	flash	5	100	999	10
2026-07-07T11:28:39.142	934	2234	1355	2734	6582	6205	7054	8770	7902	858	27.32	1011.91	53.83	94817	AS7341	flash	5	100	999	10
2026-07-07T11:28:41.154	934	2235	1355	2735	6583	6205	7054	8771	7903	859	27.32	1011.92	53.84	94924	AS7341	flash	5	100	999	10
2026-07-07T11:28:43.067	934	2234	1355	2734	6581	6203	7051	8767	7901	858	27.32	1011.87	53.83	95248	AS7341	flash	5	100	999	10
2026-07-07T11:28:45.088	934	2235	1355	2735	6583	6205	7054	8770	7903	859	27.31	1011.88	53.84	94817	AS7341	flash	5	100	999	10
2026-07-07T11:28:47.104	934	2234	1355	2735	6583	6205	7054	8769	7902	859	27.31	1011.88	53.83	95032	AS7341	flash	5	100	999	10
2026-07-07T11:28:49.118	934	2235	1355	2735	6583	6206	7055	8771	7903	859	27.31	1011.87	53.82	95140	AS7341	flash	5	100	999	10
2026-07-07T11:28:51.129	934	2235	1355	2735	6584	6206	7055	8771	7904	859	27.31	1011.87	53.82	95032	AS7341	flash	5	100	999	10
2026-07-07T11:28:53.147	934	2234	1354	2734	6583	6204	7054	8769	7902	858	27.31	1011.86	53.82	94924	AS7341	flash	5	100	999	10
2026-07-07T11:28:55.055	934	2235	1355	2735	6584	6206	7055	8770	7903	859	27.32	1011.88	53.81	95683	AS7341	flash	5	100	999	10
2026-07-07T11:28:57.072	934	2234	1355	2735	6583	6205	7054	8770	7902	859	27.31	1011.89	53.8	95140	AS7341	flash	5	100	999	10
2026-07-07T11:28:59.085	934	2234	1355	2735	6585	6206	7056	8772	7904	859	27.31	1011.84	53.8	95248	AS7341	flash	5	100	999	10
2026-07-07T11:29:01.101	934	2234	1355	2735	6586	6209	7060	8778	7907	859	27.31	1011.91	53.85	95032	AS7341	flash	5	100	999	10
2026-07-07T11:29:03.117	934	2234	1355	2736	6587	6211	7063	8782	7910	859	27.31	1011.89	54.01	94602	AS7341	flash	5	100	999	10
2026-07-07T11:29:05.128	934	2232	1354	2735	6586	6211	7065	8786	7909	859	27.31	1011.9	54.23	94709	AS7341	flash	5	100	999	10
2026-07-07T11:29:07.139	935	2232	1355	2735	6587	6212	7068	8790	7911	860	27.31	1011.86	54.49	94177	AS7341	flash	5	100	999	10
2026-07-07T11:29:09.151	935	2232	1354	2735	6587	6212	7069	8793	7913	860	27.31	1011.9	54.71	94071	AS7341	flash	5	100	999	10
2026-07-07T11:29:11.058	934	2231	1354	2733	6584	6209	7065	8788	7908	859	27.31	1011.88	54.79	94709	AS7341	flash	5	100	999	10
2026-07-07T11:29:13.071	934	2232	1354	2734	6585	6209	7066	8789	7909	859	27.31	1011.89	54.78	94389	AS7341	flash	5	100	999	10
2026-07-07T11:29:15.101	934	2232	1354	2733	6584	6208	7064	8787	7908	859	27.3	1011.86	54.73	93965	AS7341	flash	5	100	999	10
2026-07-07T11:29:17.124	934	2232	1354	2734	6584	6208	7063	8787	7908	859	27.31	1011.88	54.67	93860	AS7341	flash	5	100	999	10
2026-07-07T11:29:19.139	934	2232	1354	2733	6582	6206	7061	8785	7907	859	27.3	1011.86	54.6	94177	AS7341	flash	5	100	999	10
2026-07-07T11:29:21.161	934	2234	1355	2734	6584	6207	7062	8785	7907	859	27.3	1011.86	54.5	94177	AS7341	flash	5	100	999	10
2026-07-07T11:29:23.074	934	2233	1355	2733	6581	6204	7059	8782	7904	859	27.31	1011.85	54.42	95032	AS7341	flash	5	100	999	10
2026-07-07T11:29:25.101	934	2233	1355	2733	6580	6203	7058	8780	7903	859	27.3	1011.88	54.36	94602	AS7341	flash	5	100	999	10
2026-07-07T11:29:27.116	934	2234	1355	2734	6580	6203	7057	8780	7903	859	27.31	1011.89	54.29	94817	AS7341	flash	5	100	999	10
2026-07-07T11:29:29.131	934	2234	1355	2733	6581	6204	7057	8779	7904	859	27.3	1011.89	54.25	94389	AS7341	flash	5	100	999	10
2026-07-07T11:29:31.151	934	2235	1355	2733	6581	6204	7057	8778	7903	859	27.29	1011.85	54.21	94389	AS7341	flash	5	100	999	10
2026-07-07T11:29:33.068	934	2235	1355	2733	6579	6202	7055	8776	7902	859	27.31	1011.91	54.17	94817	AS7341	flash	5	100	999	10
2026-07-07T11:29:35.077	934	2235	1355	2733	6580	6202	7055	8776	7901	859	27.3	1011.87	54.12	94817	AS7341	flash	5	100	999	10
2026-07-07T11:29:37.087	934	2235	1355	2733	6581	6204	7056	8777	7904	859	27.3	1011.88	54.09	95465	AS7341	flash	5	100	999	10
2026-07-07T11:29:39.092	934	2234	1354	2733	6579	6202	7054	8774	7901	858	27.3	1011.85	54.06	94709	AS7341	flash	5	100	999	10
2026-07-07T11:29:41.102	934	2234	1355	2733	6580	6202	7054	8774	7901	858	27.29	1011.85	54.05	94709	AS7341	flash	5	100	999	10
2026-07-07T11:29:43.122	934	2235	1355	2733	6580	6203	7055	8775	7902	859	27.3	1011.86	54.01	95032	AS7341	flash	5	100	999	10
2026-07-07T11:29:45.127	934	2234	1354	2733	6580	6202	7054	8773	7901	858	27.29	1011.87	53.99	94817	AS7341	flash	5	100	999	10
2026-07-07T11:29:47.154	934	2235	1355	2733	6582	6204	7056	8775	7903	859	27.29	1011.86	53.97	94817	AS7341	flash	5	100	999	10
2026-07-07T11:29:49.084	934	2234	1355	2733	6578	6201	7052	8770	7899	858	27.29	1011.86	53.96	94686	AS7341	flash	5	100	999	10
2026-07-07T11:29:51.096	934	2235	1355	2734	6579	6202	7052	8770	7900	858	27.29	1011.85	53.93	94817	AS7341	flash	5	100	999	10
2026-07-07T11:29:53.103	934	2235	1355	2734	6580	6202	7053	8771	7900	858	27.29	1011.84	53.9	95032	AS7341	flash	5	100	999	10
2026-07-07T11:29:55.112	934	2235	1355	2733	6580	6203	7054	8771	7901	858	27.29	1011.86	53.9	95032	AS7341	flash	5	100	999	10
2026-07-07T11:29:57.124	934	2236	1355	2734	6580	6202	7053	8770	7900	858	27.29	1011.9	53.87	94817	AS7341	flash	5	100	999	10
2026-07-07T11:29:59.148	934	2236	1355	2735	6583	6205	7056	8774	7903	859	27.28	1011.9	53.87	94924	AS7341	flash	5	100	999	10
2026-07-07T11:30:01.054	934	2235	1355	2734	6581	6203	7053	8769	7901	858	27.29	1011.88	53.84	95248	AS7341	flash	5	100	999	10
2026-07-07T11:30:03.070	934	2236	1355	2734	6583	6205	7055	8772	7903	859	27.28	1011.84	53.84	95248	AS7341	flash	5	100	999	10
2026-07-07T11:30:05.119	934	2236	1355	2735	6583	6206	7055	8773	7904	859	27.29	1011.89	53.82	95140	AS7341	flash	5	100	999	10
2026-07-07T11:30:07.137	934	2236	1355	2735	6583	6205	7056	8773	7903	859	27.28	1011.86	53.81	94924	AS7341	flash	5	100	999	10
2026-07-07T11:30:09.150	934	2236	1355	2735	6584	6206	7057	8774	7904	859	27.28	1011.89	53.8	94817	AS7341	flash	5	100	999	10
2026-07-07T11:30:11.159	934	2235	1355	2734	6584	6207	7058	8777	7905	859	27.27	1011.86	53.87	95032	AS7341	flash	5	100	999	10
2026-07-07T11:30:13.072	934	2235	1355	2735	6585	6208	7062	8781	7908	859	27.28	1011.87	54.02	95140	AS7341	flash	5	100	999	10
2026-07-07T11:30:15.095	935	2234	1355	2735	6587	6211	7067	8788	7911	859	27.28	1011.89	54.24	94709	AS7341	flash	5	100	999	10
2026-07-07T11:30:17.117	935	2233	1355	2735	6587	6212	7069	8791	7912	860	27.27	1011.89	54.5	94602	AS7341	flash	5	100	999	10
2026-07-07T11:30:19.140	935	2233	1354	2734	6586	6211	7069	8792	7911	859	27.27	1011.91	54.71	93965	AS7341	flash	5	100	999	10
2026-07-07T11:30:21.177	935	2234	1355	2735	6587	6212	7069	8793	7912	860	27.27	1011.88	54.77	94071	AS7341	flash	5	100	999	10
2026-07-07T11:30:23.086	935	2233	1355	2734	6584	6208	7065	8788	7908	859	27.28	1011.87	54.77	94389	AS7341	flash	5	100	999	10
2026-07-07T11:30:25.112	934	2233	1355	2733	6584	6209	7065	8788	7909	859	27.27	1011.9	54.7	94602	AS7341	flash	5	100	999	10
2026-07-07T11:30:27.131	934	2234	1355	2734	6585	6208	7064	8788	7909	859	27.27	1011.9	54.62	94283	AS7341	flash	5	100	999	10
2026-07-07T11:30:29.143	934	2234	1355	2733	6581	6205	7060	8783	7904	859	27.26	1011.87	54.53	94177	AS7341	flash	5	100	999	10
2026-07-07T11:30:31.163	934	2235	1355	2734	6583	6206	7062	8784	7906	859	27.27	1011.89	54.45	94389	AS7341	flash	5	100	999	10
2026-07-07T11:30:33.074	934	2234	1355	2733	6578	6203	7057	8778	7901	859	27.28	1011.88	54.36	95032	AS7341	flash	5	100	999	10
2026-07-07T11:30:35.100	934	2235	1355	2733	6581	6204	7059	8780	7903	859	27.27	1011.87	54.3	94709	AS7341	flash	5	100	999	10
2026-07-07T11:30:37.114	934	2235	1355	2734	6579	6203	7057	8777	7901	859	27.26	1011.85	54.23	94817	AS7341	flash	5	100	999	10
2026-07-07T11:30:39.128	934	2235	1355	2733	6580	6203	7056	8777	7902	859	27.27	1011.9	54.16	94496	AS7341	flash	5	100	999	10
2026-07-07T11:30:41.133	934	2235	1355	2733	6579	6202	7055	8775	7900	858	27.27	1011.87	54.14	95032	AS7341	flash	5	100	999	10
2026-07-07T11:30:43.152	934	2235	1355	2733	6580	6203	7056	8775	7901	859	27.27	1011.9	54.1	94817	AS7341	flash	5	100	999	10
2026-07-07T11:30:45.163	934	2236	1355	2734	6582	6205	7058	8778	7904	859	27.27	1011.89	54.05	94924	AS7341	flash	5	100	999	10
2026-07-07T11:30:47.174	934	2235	1355	2733	6579	6202	7054	8773	7901	859	27.26	1011.88	54.01	95032	AS7341	flash	5	100	999	10
2026-07-07T11:30:49.088	934	2236	1355	2733	6579	6202	7052	8771	7900	858	27.27	1011.88	53.99	94259	AS7341	flash	5	100	999	10
2026-07-07T11:30:51.101	934	2236	1355	2734	6581	6204	7056	8774	7902	859	27.26	1011.9	53.97	95465	AS7341	flash	5	100	999	10
2026-07-07T11:30:53.114	935	2237	1355	2734	6582	6204	7056	8774	7902	859	27.26	1011.87	53.92	95465	AS7341	flash	5	100	999	10
2026-07-07T11:30:55.133	934	2237	1355	2734	6581	6203	7055	8773	7901	859	27.26	1011.87	53.91	95248	AS7341	flash	5	100	999	10
2026-07-07T11:30:57.144	934	2236	1355	2733	6581	6203	7054	8770	7900	858	27.26	1011.89	53.88	95032	AS7341	flash	5	100	999	10
2026-07-07T11:30:59.160	934	2237	1355	2735	6583	6206	7057	8774	7904	859	27.27	1011.89	53.86	95248	AS7341	flash	5	100	999	10
2026-07-07T11:31:01.172	935	2237	1356	2736	6584	6207	7057	8776	7904	859	27.26	1011.87	53.85	95140	AS7341	flash	5	100	999	10
2026-07-07T11:31:03.090	934	2237	1355	2734	6582	6204	7055	8771	7901	859	27.27	1011.89	53.83	95465	AS7341	flash	5	100	999	10
2026-07-07T11:31:05.111	934	2237	1355	2735	6585	6207	7057	8775	7904	859	27.25	1011.91	53.82	95465	AS7341	flash	5	100	999	10
2026-07-07T11:31:07.132	934	2237	1355	2735	6584	6206	7056	8773	7904	859	27.26	1011.96	53.8	95465	AS7341	flash	5	100	999	10
2026-07-07T11:31:09.148	935	2237	1356	2736	6585	6207	7057	8773	7904	859	27.26	1012.0	53.78	94817	AS7341	flash	5	100	999	10
2026-07-07T11:31:11.174	934	2237	1355	2735	6584	6207	7056	8773	7903	859	27.25	1011.91	53.77	95356	AS7341	flash	5	100	999	10
2026-07-07T11:31:13.197	934	2237	1355	2735	6585	6207	7057	8773	7904	859	27.24	1011.91	53.74	95465	AS7341	flash	5	100	999	10
2026-07-07T11:31:15.108	934	2237	1355	2735	6585	6207	7057	8773	7904	859	27.25	1011.92	53.74	95574	AS7341	flash	5	100	999	10
2026-07-07T11:31:17.135	934	2236	1355	2735	6585	6207	7057	8772	7904	859	27.24	1011.87	53.73	95683	AS7341	flash	5	100	999	10
2026-07-07T11:31:19.159	934	2236	1355	2735	6585	6208	7059	8774	7905	859	27.24	1011.91	53.71	95465	AS7341	flash	5	100	999	10
2026-07-07T11:31:21.177	935	2236	1355	2736	6586	6209	7061	8779	7907	859	27.24	1011.91	53.8	95574	AS7341	flash	5	100	999	10
2026-07-07T11:31:23.191	934	2235	1355	2735	6587	6211	7065	8784	7909	859	27.24	1011.93	53.99	94817	AS7341	flash	5	100	999	10
2026-07-07T11:31:25.104	935	2234	1355	2735	6587	6212	7067	8787	7910	860	27.26	1011.95	54.22	95248	AS7341	flash	5	100	999	10
2026-07-07T11:31:27.130	935	2234	1355	2736	6588	6213	7070	8791	7912	860	27.25	1011.91	54.45	95032	AS7341	flash	5	100	999	10
2026-07-07T11:31:29.144	935	2234	1355	2735	6589	6214	7071	8795	7914	860	27.25	1011.92	54.63	94389	AS7341	flash	5	100	999	10
2026-07-07T11:31:31.157	935	2234	1355	2735	6588	6213	7070	8792	7912	860	27.24	1011.96	54.68	94283	AS7341	flash	5	100	999	10
2026-07-07T11:31:33.168	935	2234	1355	2735	6586	6211	7068	8790	7910	860	27.25	1011.98	54.65	94496	AS7341	flash	5	100	999	10
2026-07-07T11:31:35.191	935	2234	1355	2734	6585	6209	7066	8787	7908	859	27.24	1011.88	54.59	94389	AS7341	flash	5	100	999	10
2026-07-07T11:31:37.201	935	2235	1355	2735	6586	6210	7066	8787	7909	859	27.24	1011.92	54.51	95032	AS7341	flash	5	100	999	10
2026-07-07T11:31:39.107	934	2234	1355	2733	6584	6208	7063	8783	7906	859	27.25	1011.96	54.42	95356	AS7341	flash	5	100	999	10
2026-07-07T11:31:41.122	935	2235	1355	2734	6583	6207	7062	8782	7906	859	27.24	1011.97	54.35	94924	AS7341	flash	5	100	999	10
2026-07-07T11:31:43.139	934	2235	1355	2734	6583	6207	7061	8781	7905	859	27.24	1011.92	54.25	95032	AS7341	flash	5	100	999	10
2026-07-07T11:31:45.164	935	2235	1355	2734	6584	6207	7061	8781	7906	859	27.23	1011.91	54.2	95248	AS7341	flash	5	100	999	10
2026-07-07T11:31:47.191	934	2235	1355	2734	6583	6206	7059	8779	7903	859	27.24	1011.95	54.14	94817	AS7341	flash	5	100	999	10
2026-07-07T11:31:49.208	935	2237	1356	2735	6586	6208	7062	8782	7907	859	27.24	1011.96	54.09	95032	AS7341	flash	5	100	999	10
2026-07-07T11:31:51.113	935	2237	1356	2735	6583	6207	7059	8778	7905	859	27.24	1011.93	54.02	94525	AS7341	flash	5	100	999	10
2026-07-07T11:31:53.129	935	2237	1356	2735	6585	6208	7060	8778	7905	859	27.24	1011.94	53.98	95465	AS7341	flash	5	100	999	10
2026-07-07T11:31:55.141	934	2237	1355	2734	6583	6206	7058	8777	7903	859	27.24	1011.95	53.94	95032	AS7341	flash	5	100	999	10
2026-07-07T11:31:57.168	934	2236	1355	2735	6584	6207	7059	8777	7904	859	27.24	1011.95	53.89	95465	AS7341	flash	5	100	999	10
2026-07-07T11:31:59.183	934	2236	1355	2734	6584	6207	7058	8776	7904	859	27.23	1011.98	53.89	95574	AS7341	flash	5	100	999	10
2026-07-07T11:32:01.087	934	2237	1355	2734	6584	6206	7057	8774	7903	859	27.24	1011.97	53.85	94739	AS7341	flash	5	100	999	10
2026-07-07T11:32:03.105	935	2237	1356	2735	6586	6208	7060	8777	7906	859	27.23	1011.94	53.81	95356	AS7341	flash	5	100	999	10
2026-07-07T11:32:05.118	935	2238	1356	2736	6587	6209	7060	8776	7906	859	27.23	1011.95	53.78	95683	AS7341	flash	5	100	999	10
2026-07-07T11:32:07.130	935	2237	1356	2736	6585	6207	7058	8774	7905	859	27.23	1011.93	53.76	95465	AS7341	flash	5	100	999	10
2026-07-07T11:32:09.149	935	2237	1356	2736	6586	6208	7058	8773	7904	859	27.23	1011.96	53.74	95574	AS7341	flash	5	100	999	10
2026-07-07T11:32:11.164	935	2239	1356	2737	6589	6211	7062	8777	7908	859	27.23	1011.95	53.72	95683	AS7341	flash	5	100	999	10
2026-07-07T11:32:13.189	935	2237	1356	2736	6587	6209	7060	8774	7906	859	27.22	1011.92	53.7	95248	AS7341	flash	5	100	999	10
2026-07-07T11:32:15.202	935	2238	1356	2736	6588	6210	7060	8775	7906	859	27.23	1011.94	53.69	95683	AS7341	flash	5	100	999	10
2026-07-07T11:32:17.116	935	2237	1356	2736	6585	6207	7057	8770	7903	859	27.24	1011.93	53.65	94793	AS7341	flash	5	100	999	10
2026-07-07T11:32:19.140	935	2238	1356	2737	6588	6210	7060	8774	7907	859	27.23	1012.02	53.65	95574	AS7341	flash	5	100	999	10
2026-07-07T11:32:21.148	935	2237	1356	2736	6587	6209	7059	8771	7905	859	27.23	1012.0	53.63	94366	AS7341	flash	5	100	999	10
2026-07-07T11:32:23.159	935	2237	1356	2737	6589	6210	7060	8773	7906	859	27.23	1011.95	53.62	95683	AS7341	flash	5	100	999	10
2026-07-07T11:32:25.183	935	2238	1356	2737	6590	6212	7061	8774	7907	859	27.22	1011.95	53.59	94419	AS7341	flash	5	100	999	10
2026-07-07T11:32:27.198	935	2238	1356	2738	6592	6213	7063	8777	7910	859	27.22	1011.99	53.59	95683	AS7341	flash	5	100	999	10
2026-07-07T11:32:29.107	935	2237	1356	2737	6589	6211	7061	8775	7908	859	27.23	1011.95	53.58	94313	AS7341	flash	5	100	999	10
2026-07-07T11:32:31.129	935	2236	1356	2737	6589	6212	7063	8777	7908	859	27.23	1012.02	53.67	95683	AS7341	flash	5	100	999	10
2026-07-07T11:32:33.142	935	2235	1355	2736	6591	6214	7068	8784	7911	859	27.22	1011.96	53.86	95683	AS7341	flash	5	100	999	10
2026-07-07T11:32:35.164	935	2235	1355	2737	6593	6216	7072	8790	7914	860	27.22	1011.95	54.11	95465	AS7341	flash	5	100	999	10
2026-07-07T11:32:37.183	935	2234	1355	2737	6596	6220	7076	8796	7918	860	27.22	1011.97	54.38	95032	AS7341	flash	5	100	999	10
2026-07-07T11:32:39.204	935	2234	1356	2737	6594	6219	7075	8795	7917	860	27.22	1012.01	54.51	94817	AS7341	flash	5	100	999	10
2026-07-07T11:32:41.116	935	2234	1355	2736	6592	6216	7072	8791	7914	860	27.23	1011.97	54.53	95140	AS7341	flash	5	100	999	10
2026-07-07T11:32:43.138	935	2236	1356	2737	6594	6219	7074	8795	7917	860	27.22	1011.97	54.5	95032	AS7341	flash	5	100	999	10
2026-07-07T11:32:45.165	935	2236	1356	2737	6593	6217	7073	8792	7915	860	27.22	1012.01	54.43	95032	AS7341	flash	5	100	999	10
2026-07-07T11:32:47.191	935	2236	1356	2737	6592	6215	7071	8790	7913	860	27.22	1012.01	54.36	94709	AS7341	flash	5	100	999	10
2026-07-07T11:32:49.202	935	2236	1356	2737	6593	6217	7071	8791	7914	860	27.22	1012.02	54.27	95032	AS7341	flash	5	100	999	10
2026-07-07T11:32:51.120	935	2235	1355	2735	6588	6212	7066	8784	7908	859	27.22	1011.99	54.2	94632	AS7341	flash	5	100	999	10
2026-07-07T11:32:53.138	935	2237	1356	2737	6591	6214	7067	8786	7911	860	27.21	1011.98	54.12	95465	AS7341	flash	5	100	999	10
2026-07-07T11:32:55.161	935	2236	1356	2736	6590	6214	7067	8785	7910	859	27.22	1012.01	54.07	95248	AS7341	flash	5	100	999	10
2026-07-07T11:32:57.175	935	2236	1356	2736	6590	6213	7066	8783	7910	859	27.21	1011.99	54.01	95032	AS7341	flash	5	100	999	10
2026-07-07T11:32:59.198	935	2237	1356	2737	6590	6213	7066	8782	7910	859	27.21	1011.99	53.95	95140	AS7341	flash	5	100	999	10
2026-07-07T11:33:01.115	935	2236	1356	2736	6588	6211	7063	8779	7907	859	27.22	1012.01	53.9	94739	AS7341	flash	5	100	999	10
2026-07-07T11:33:03.140	935	2237	1356	2737	6590	6213	7065	8781	7909	859	27.2	1011.99	53.86	95574	AS7341	flash	5	100	999	10
2026-07-07T11:33:05.155	935	2237	1356	2737	6589	6212	7063	8779	7908	859	27.2	1011.98	53.84	95032	AS7341	flash	5	100	999	10
2026-07-07T11:33:07.169	935	2237	1356	2737	6590	6213	7065	8780	7909	859	27.2	1011.98	53.79	95683	AS7341	flash	5	100	999	10
2026-07-07T11:33:09.191	935	2237	1356	2737	6591	6213	7064	8779	7909	859	27.2	1012.02	53.76	95356	AS7341	flash	5	100	999	10
2026-07-07T11:33:11.106	935	2237	1356	2737	6590	6213	7063	8778	7908	859	27.2	1011.99	53.72	94739	AS7341	flash	5	100	999	10
2026-07-07T11:33:13.132	935	2237	1356	2737	6591	6213	7064	8778	7909	859	27.2	1011.99	53.7	94525	AS7341	flash	5	100	999	10
2026-07-07T11:33:15.142	935	2238	1356	2738	6590	6214	7064	8778	7909	859	27.2	1011.94	53.66	95465	AS7341	flash	5	100	999	10
2026-07-07T11:33:17.152	935	2238	1356	2738	6592	6214	7065	8778	7910	859	27.19	1011.99	53.65	94472	AS7341	flash	5	100	999	10
2026-07-07T11:33:19.157	935	2238	1356	2738	6593	6216	7066	8779	7911	859	27.19	1012.02	53.64	94900	AS7341	flash	5	100	999	10
2026-07-07T11:33:21.230	935	2238	1356	2738	6592	6214	7064	8777	7909	859	27.19	1012.02	53.61	95356	AS7341	flash	5	100	999	10
2026-07-07T11:33:23.123	935	2237	1356	2738	6592	6214	7064	8777	7909	859	27.2	1011.97	53.6	94579	AS7341	flash	5	100	999	10
2026-07-07T11:33:25.147	935	2238	1356	2738	6593	6215	7065	8777	7910	859	27.19	1012.0	53.58	95683	AS7341	flash	5	100	999	10
2026-07-07T11:33:27.168	935	2238	1356	2739	6594	6216	7066	8777	7911	860	27.19	1011.99	53.57	94739	AS7341	flash	5	100	999	10
2026-07-07T11:33:29.191	935	2238	1356	2739	6595	6216	7066	8779	7911	860	27.19	1011.99	53.56	94525	AS7341	flash	5	100	999	10
2026-07-07T11:33:31.105	935	2238	1356	2738	6593	6214	7063	8775	7908	859	27.21	1012.04	53.53	94525	AS7341	flash	5	100	999	10
2026-07-07T11:33:33.119	935	2238	1356	2738	6593	6215	7064	8775	7909	859	27.19	1012.03	53.53	94793	AS7341	flash	5	100	999	10
2026-07-07T11:33:35.129	935	2239	1357	2740	6595	6217	7066	8778	7912	859	27.2	1012.03	53.5	95008	AS7341	flash	5	100	999	10
2026-07-07T11:33:37.149	935	2238	1356	2739	6595	6217	7067	8778	7912	860	27.19	1011.97	53.47	94739	AS7341	flash	5	100	999	10
2026-07-07T11:33:39.161	935	2238	1356	2739	6597	6219	7070	8782	7914	860	27.19	1012.04	53.49	94525	AS7341	flash	5	100	999	10
2026-07-07T11:33:41.187	935	2237	1356	2739	6596	6220	7071	8784	7915	860	27.19	1011.98	53.61	95248	AS7341	flash	5	100	999	10
2026-07-07T11:33:43.101	940	2241	1363	2756	6616	6230	7082	8836	8029	875	27.2	1011.98	53.8	95683	AS7341	flash	5	100	999	10
2026-07-07T11:33:45.125	935	2236	1356	2739	6598	6222	7077	8794	7918	860	27.19	1012.0	54.04	95248	AS7341	flash	5	100	999	10
2026-07-07T11:33:47.142	936	2235	1356	2739	6599	6223	7079	8796	7919	860	27.19	1011.97	54.27	95465	AS7341	flash	5	100	999	10
2026-07-07T11:33:49.163	936	2235	1356	2739	6599	6224	7079	8796	7920	860	27.18	1011.98	54.4	94924	AS7341	flash	5	100	999	10
2026-07-07T11:33:51.179	936	2235	1356	2738	6597	6221	7076	8793	7916	860	27.19	1011.99	54.44	94924	AS7341	flash	5	100	999	10
2026-07-07T11:33:53.194	935	2236	1356	2738	6598	6221	7076	8793	7917	861	27.19	1012.01	54.4	95465	AS7341	flash	5	100	999	10
2026-07-07T11:33:55.202	935	2236	1356	2738	6595	6218	7074	8790	7914	860	27.2	1011.99	54.34	95032	AS7341	flash	5	100	999	10
2026-07-07T11:33:57.120	935	2237	1356	2738	6593	6216	7071	8788	7912	860	27.21	1011.99	54.27	94579	AS7341	flash	5	100	999	10
2026-07-07T11:33:59.145	935	2239	1356	2738	6594	6215	7070	8786	7911	860	27.2	1011.98	54.21	95465	AS7341	flash	5	100	999	10
2026-07-07T11:34:01.164	934	2238	1356	2737	6592	6213	7066	8783	7910	859	27.2	1012.0	54.13	95248	AS7341	flash	5	100	999	10
2026-07-07T11:34:03.177	935	2238	1356	2736	6589	6211	7063	8778	7907	859	27.2	1012.01	54.09	95356	AS7341	flash	5	100	999	10
2026-07-07T11:34:05.197	936	2239	1356	2737	6590	6211	7063	8779	7908	860	27.19	1011.99	54.04	95683	AS7341	flash	5	100	999	10
2026-07-07T11:34:07.207	935	2239	1357	2736	6588	6210	7061	8777	7907	859	27.19	1012.01	54.01	95248	AS7341	flash	5	100	999	10
2026-07-07T11:34:09.224	935	2239	1356	2735	6586	6208	7059	8775	7905	859	27.2	1011.99	53.97	95465	AS7341	flash	5	100	999	10
2026-07-07T11:34:11.129	935	2240	1357	2734	6583	6204	7054	8769	7900	858	27.2	1012.03	53.94	94632	AS7341	flash	5	100	999	10
2026-07-07T11:34:13.157	935	2241	1357	2735	6584	6205	7055	8771	7901	858	27.2	1012.01	53.91	94632	AS7341	flash	5	100	999	10
2026-07-07T11:34:15.168	935	2240	1357	2734	6581	6202	7051	8766	7898	858	27.2	1012.0	53.88	95356	AS7341	flash	5	100	999	10
2026-07-07T11:34:17.185	935	2242	1357	2735	6582	6202	7052	8767	7899	858	27.2	1012.05	53.88	95465	AS7341	flash	5	100	999	10
2026-07-07T11:34:19.204	935	2242	1357	2734	6578	6198	7046	8761	7894	858	27.19	1011.99	53.87	95683	AS7341	flash	5	100	999	10
2026-07-07T11:34:21.120	934	2242	1357	2733	6575	6196	7043	8758	7893	858	27.21	1011.98	53.84	94739	AS7341	flash	5	100	999	10
2026-07-07T11:34:23.136	934	2243	1357	2734	6575	6195	7043	8757	7892	858	27.2	1011.96	53.84	95465	AS7341	flash	5	100	999	10
2026-07-07T11:34:25.166	934	2243	1357	2733	6572	6192	7039	8753	7888	858	27.21	1012.0	53.83	94525	AS7341	flash	5	100	999	10
2026-07-07T11:34:27.182	934	2244	1357	2733	6574	6193	7041	8755	7890	858	27.2	1011.95	53.83	95465	AS7341	flash	5	100	999	10
2026-07-07T11:34:29.200	934	2244	1357	2732	6573	6191	7038	8753	7890	858	27.21	1012.04	53.83	95140	AS7341	flash	5	100	999	10
2026-07-07T11:34:31.217	934	2245	1358	2733	6570	6188	7034	8749	7886	858	27.2	1011.96	53.82	95465	AS7341	flash	5	100	999	10
2026-07-07T11:34:33.120	934	2245	1357	2732	6567	6185	7031	8745	7883	857	27.22	1011.95	53.81	94900	AS7341	flash	5	100	999	10
2026-07-07T11:34:35.142	934	2245	1357	2732	6567	6183	7028	8742	7881	857	27.21	1011.98	53.81	94525	AS7341	flash	5	100	999	10
2026-07-07T11:34:37.155	934	2246	1357	2731	6564	6180	7026	8739	7880	857	27.22	1012.01	53.8	95465	AS7341	flash	5	100	999	10
2026-07-07T11:34:39.172	934	2247	1358	2732	6565	6181	7026	8740	7881	857	27.21	1012.0	53.81	95465	AS7341	flash	5	100	999	10
2026-07-07T11:34:41.185	934	2247	1358	2731	6563	6180	7024	8738	7878	857	27.21	1011.97	53.81	95356	AS7341	flash	5	100	999	10
2026-07-07T11:34:43.198	934	2247	1358	2730	6562	6177	7022	8736	7876	856	27.21	1011.97	53.81	95248	AS7341	flash	5	100	999	10
2026-07-07T11:34:45.214	933	2248	1358	2730	6559	6175	7018	8732	7874	856	27.21	1012.01	53.81	94419	AS7341	flash	5	100	999	10
2026-07-07T11:34:47.225	933	2248	1358	2729	6558	6174	7017	8733	7873	856	27.22	1011.95	53.81	95465	AS7341	flash	5	100	999	10
2026-07-07T11:34:49.133	933	2248	1358	2728	6553	6169	7012	8728	7868	855	27.23	1011.96	53.83	94632	AS7341	flash	5	100	999	10
2026-07-07T11:34:51.153	933	2249	1358	2728	6551	6167	7012	8731	7869	856	27.22	1011.96	54.0	95465	AS7341	flash	5	100	999	10
2026-07-07T11:34:53.168	933	2249	1357	2726	6549	6165	7012	8734	7869	856	27.22	1011.97	54.24	95032	AS7341	flash	5	100	999	10
2026-07-07T11:34:55.181	933	2250	1358	2725	6545	6162	7010	8734	7866	855	27.23	1011.95	54.55	94389	AS7341	flash	5	100	999	10
2026-07-07T11:34:57.198	933	2251	1358	2724	6543	6159	7007	8734	7864	855	27.23	1011.99	54.83	94389	AS7341	flash	5	100	999	10
2026-07-07T11:34:59.219	933	2251	1358	2723	6541	6158	7004	8731	7862	855	27.23	1012.01	54.94	93860	AS7341	flash	5	100	999	10
2026-07-07T11:35:01.123	933	2251	1358	2722	6536	6152	7000	8725	7858	855	27.24	1011.96	54.94	95032	AS7341	flash	5	100	999	10
2026-07-07T11:35:03.139	933	2252	1358	2722	6534	6150	6996	8722	7855	854	27.24	1011.97	54.91	94817	AS7341	flash	5	100	999	10
2026-07-07T11:35:05.160	933	2253	1358	2722	6534	6149	6996	8720	7855	854	27.23	1011.99	54.82	94389	AS7341	flash	5	100	999	10
2026-07-07T11:35:07.169	932	2253	1358	2721	6531	6147	6992	8717	7851	854	27.24	1011.93	54.75	94709	AS7341	flash	5	100	999	10
2026-07-07T11:35:09.182	932	2253	1358	2721	6530	6146	6990	8714	7850	854	27.24	1011.97	54.67	94602	AS7341	flash	5	100	999	10
2026-07-07T11:35:11.201	933	2255	1359	2722	6532	6146	6991	8716	7852	854	27.24	1012.0	54.59	94602	AS7341	flash	5	100	999	10
2026-07-07T11:35:13.212	932	2255	1358	2721	6530	6145	6988	8712	7849	854	27.24	1011.96	54.53	94602	AS7341	flash	5	100	999	10
2026-07-07T11:35:15.123	932	2255	1358	2720	6526	6141	6984	8708	7846	853	27.25	1011.97	54.45	95140	AS7341	flash	5	100	999	10
2026-07-07T11:35:17.167	932	2255	1358	2720	6526	6141	6984	8706	7845	853	27.25	1011.96	54.4	95032	AS7341	flash	5	100	999	10
2026-07-07T11:35:19.182	932	2256	1359	2720	6528	6142	6984	8708	7846	854	27.24	1011.95	54.36	94817	AS7341	flash	5	100	999	10
2026-07-07T11:35:21.192	932	2256	1358	2720	6525	6140	6981	8703	7844	853	27.25	1011.95	54.31	94924	AS7341	flash	5	100	999	10
2026-07-07T11:35:23.208	932	2257	1359	2720	6524	6138	6979	8700	7842	853	27.24	1011.94	54.26	94924	AS7341	flash	5	100	999	10
2026-07-07T11:35:25.216	932	2257	1359	2720	6523	6138	6978	8698	7842	853	27.24	1011.94	54.24	94709	AS7341	flash	5	100	999	10
2026-07-07T11:35:27.124	932	2257	1359	2719	6522	6135	6975	8695	7839	853	27.26	1011.96	54.21	95356	AS7341	flash	5	100	999	10
2026-07-07T11:35:29.142	932	2258	1359	2720	6524	6137	6977	8697	7841	853	27.26	1011.96	54.17	95356	AS7341	flash	5	100	999	10
2026-07-07T11:35:31.169	932	2258	1359	2720	6524	6138	6977	8696	7842	853	27.26	1011.95	54.13	95683	AS7341	flash	5	100	999	10
2026-07-07T11:35:33.178	932	2258	1359	2719	6522	6135	6974	8693	7838	853	27.26	1011.97	54.12	95140	AS7341	flash	5	100	999	10
2026-07-07T11:35:35.217	932	2259	1359	2720	6524	6137	6976	8695	7841	853	27.26	1011.95	54.1	95032	AS7341	flash	5	100	999	10
2026-07-07T11:35:37.130	932	2259	1359	2719	6520	6134	6972	8690	7837	853	27.27	1011.98	54.07	95248	AS7341	flash	5	100	999	10
2026-07-07T11:35:39.146	932	2259	1359	2719	6519	6133	6970	8687	7835	852	27.26	1011.98	54.04	95574	AS7341	flash	5	100	999	10
2026-07-07T11:35:41.161	932	2260	1360	2720	6521	6134	6971	8689	7837	853	27.26	1011.97	54.04	95248	AS7341	flash	5	100	999	10
2026-07-07T11:35:43.172	932	2260	1360	2720	6520	6134	6970	8687	7837	853	27.26	1011.97	54.03	95465	AS7341	flash	5	100	999	10
2026-07-07T11:35:45.189	932	2260	1359	2719	6518	6131	6968	8685	7834	852	27.27	1011.94	54.0	95574	AS7341	flash	5	100	999	10
2026-07-07T11:35:47.213	932	2261	1359	2719	6518	6132	6968	8685	7834	852	27.26	1011.95	53.99	95140	AS7341	flash	5	100	999	10
2026-07-07T11:35:49.116	932	2261	1360	2719	6520	6132	6969	8685	7836	853	27.27	1011.95	54.0	94419	AS7341	flash	5	100	999	10
2026-07-07T11:35:51.132	932	2261	1360	2720	6520	6132	6968	8685	7835	853	27.27	1011.95	53.98	95683	AS7341	flash	5	100	999	10
2026-07-07T11:35:53.144	932	2261	1360	2719	6521	6133	6969	8686	7837	853	27.27	1011.93	53.97	95248	AS7341	flash	5	100	999	10
2026-07-07T11:35:55.152	932	2261	1359	2719	6518	6130	6966	8681	7833	852	27.27	1011.95	53.95	95465	AS7341	flash	5	100	999	10
2026-07-07T11:35:57.167	932	2262	1360	2719	6518	6131	6967	8684	7835	852	27.27	1011.93	53.94	95356	AS7341	flash	5	100	999	10
2026-07-07T11:35:59.179	932	2261	1359	2718	6513	6127	6964	8681	7831	852	27.27	1011.94	54.02	95140	AS7341	flash	5	100	999	10
2026-07-07T11:36:01.196	932	2262	1360	2718	6514	6127	6966	8688	7834	852	27.27	1011.94	54.2	95032	AS7341	flash	5	100	999	10
2026-07-07T11:36:03.209	932	2262	1360	2717	6510	6123	6963	8688	7831	852	27.27	1011.93	54.47	94389	AS7341	flash	5	100	999	10
2026-07-07T11:36:05.118	931	2261	1359	2714	6505	6118	6959	8685	7827	852	27.28	1011.95	54.78	94602	AS7341	flash	5	100	999	10
2026-07-07T11:36:07.136	932	2263	1359	2714	6504	6117	6958	8686	7826	852	27.28	1011.95	55.03	94283	AS7341	flash	5	100	999	10
2026-07-07T11:36:09.157	931	2263	1360	2714	6502	6116	6957	8684	7824	851	27.28	1011.97	55.13	93860	AS7341	flash	5	100	999	10
2026-07-07T11:36:11.175	931	2263	1359	2713	6500	6113	6953	8681	7821	851	27.28	1011.96	55.12	93965	AS7341	flash	5	100	999	10
2026-07-07T11:36:13.192	931	2263	1360	2713	6500	6112	6953	8680	7821	851	27.28	1011.95	55.06	93860	AS7341	flash	5	100	999	10
2026-07-07T11:36:15.208	931	2264	1360	2713	6500	6113	6952	8679	7821	851	27.28	1011.94	54.97	93755	AS7341	flash	5	100	999	10
2026-07-07T11:36:17.127	931	2265	1360	2713	6499	6112	6951	8676	7820	851	27.29	1011.97	54.89	94709	AS7341	flash	5	100	999	10
2026-07-07T11:36:19.141	931	2265	1360	2713	6499	6112	6951	8675	7820	851	27.28	1011.96	54.79	94389	AS7341	flash	5	100	999	10
2026-07-07T11:36:21.152	931	2266	1360	2714	6499	6113	6951	8676	7820	851	27.28	1011.95	54.71	94817	AS7341	flash	5	100	999	10
2026-07-07T11:36:23.169	931	2265	1360	2713	6499	6111	6950	8673	7819	851	27.28	1011.97	54.66	94602	AS7341	flash	5	100	999	10
2026-07-07T11:36:25.182	931	2266	1360	2713	6498	6111	6949	8673	7819	851	27.28	1011.97	54.58	94602	AS7341	flash	5	100	999	10
2026-07-07T11:36:27.202	931	2266	1360	2713	6499	6111	6949	8672	7819	851	27.28	1011.93	54.51	94177	AS7341	flash	5	100	999	10
2026-07-07T11:36:29.226	931	2266	1360	2713	6499	6111	6948	8671	7818	851	27.29	1011.95	54.46	94602	AS7341	flash	5	100	999	10
2026-07-07T11:36:31.132	931	2266	1360	2713	6497	6110	6946	8666	7816	851	27.29	1011.96	54.41	94817	AS7341	flash	5	100	999	10
2026-07-07T11:36:33.146	931	2267	1361	2713	6500	6112	6948	8670	7819	851	27.29	1011.93	54.36	95032	AS7341	flash	5	100	999	10
2026-07-07T11:36:35.158	931	2266	1360	2713	6499	6111	6947	8667	7817	851	27.29	1011.98	54.35	94602	AS7341	flash	5	100	999	10
2026-07-07T11:36:37.173	931	2267	1360	2713	6499	6111	6946	8665	7817	851	27.28	1011.97	54.28	94817	AS7341	flash	5	100	999	10
2026-07-07T11:36:39.202	931	2267	1360	2714	6500	6112	6947	8666	7818	851	27.28	1011.98	54.26	94817	AS7341	flash	5	100	999	10
2026-07-07T11:36:41.219	931	2267	1361	2714	6500	6111	6946	8666	7817	851	27.28	1011.95	54.22	95032	AS7341	flash	5	100	999	10
2026-07-07T11:36:43.130	931	2267	1361	2714	6499	6110	6944	8662	7816	851	27.3	1011.93	54.2	95683	AS7341	flash	5	100	999	10
2026-07-07T11:36:45.138	931	2268	1361	2714	6500	6111	6945	8662	7817	851	27.29	1011.96	54.16	95248	AS7341	flash	5	100	999	10
2026-07-07T11:36:47.166	931	2268	1361	2714	6501	6112	6946	8662	7817	851	27.29	1011.93	54.15	94924	AS7341	flash	5	100	999	10
2026-07-07T11:36:49.180	932	2268	1361	2715	6499	6111	6945	8662	7817	851	27.29	1011.97	54.12	94817	AS7341	flash	5	100	999	10
2026-07-07T11:36:51.202	931	2267	1361	2714	6500	6111	6945	8661	7817	851	27.29	1011.97	54.11	94924	AS7341	flash	5	100	999	10
2026-07-07T11:36:53.217	932	2269	1361	2715	6501	6112	6945	8661	7817	851	27.29	1011.97	54.1	94602	AS7341	flash	5	100	999	10
2026-07-07T11:36:55.134	931	2268	1361	2714	6499	6110	6942	8657	7815	850	27.3	1011.96	54.08	95356	AS7341	flash	5	100	999	10
2026-07-07T11:36:57.162	932	2269	1361	2716	6502	6112	6945	8660	7817	851	27.29	1011.95	54.04	94709	AS7341	flash	5	100	999	10
2026-07-07T11:36:59.171	931	2268	1361	2715	6499	6110	6943	8656	7814	850	27.3	1011.97	54.04	94817	AS7341	flash	5	100	999	10
2026-07-07T11:37:01.185	931	2268	1361	2715	6501	6112	6944	8658	7816	851	27.3	1011.97	54.03	94817	AS7341	flash	5	100	999	10
2026-07-07T11:37:03.205	931	2268	1361	2715	6502	6113	6945	8658	7817	851	27.3	1012.0	54.01	95140	AS7341	flash	5	100	999	10
2026-07-07T11:37:05.219	931	2268	1361	2715	6501	6112	6943	8656	7816	851	27.3	1011.97	53.99	95032	AS7341	flash	5	100	999	10
2026-07-07T11:37:07.124	931	2267	1361	2714	6500	6111	6943	8656	7815	850	27.31	1011.98	53.99	94206	AS7341	flash	5	100	999	10
2026-07-07T11:37:09.139	931	2268	1361	2714	6500	6111	6945	8660	7817	851	27.3	1011.91	54.05	94924	AS7341	flash	5	100	999	10
2026-07-07T11:37:11.150	931	2268	1361	2714	6498	6109	6945	8663	7815	851	27.31	1011.98	54.26	94709	AS7341	flash	5	100	999	10
2026-07-07T11:37:13.169	931	2268	1361	2713	6495	6106	6943	8664	7814	851	27.31	1011.97	54.55	93965	AS7341	flash	5	100	999	10
2026-07-07T11:37:15.187	931	2269	1361	2712	6492	6104	6941	8666	7814	850	27.31	1011.99	54.88	93546	AS7341	flash	5	100	999	10
2026-07-07T11:37:17.202	931	2269	1361	2711	6489	6101	6938	8664	7810	850	27.31	1012.0	55.09	93233	AS7341	flash	5	100	999	10
2026-07-07T11:37:19.211	931	2269	1361	2711	6489	6100	6938	8662	7809	850	27.31	1011.97	55.16	93337	AS7341	flash	5	100	999	10
2026-07-07T11:37:21.220	931	2270	1361	2711	6489	6100	6937	8661	7810	850	27.32	1011.98	55.14	93965	AS7341	flash	5	100	999	10
2026-07-07T11:37:23.128	931	2269	1361	2710	6485	6097	6933	8656	7806	850	27.33	1011.98	55.07	94177	AS7341	flash	5	100	999	10
2026-07-07T11:37:25.148	931	2270	1361	2710	6487	6098	6935	8658	7807	850	27.31	1011.96	54.96	94177	AS7341	flash	5	100	999	10
2026-07-07T11:37:27.173	931	2271	1361	2711	6487	6098	6934	8656	7806	850	27.32	1011.97	54.87	94071	AS7341	flash	5	100	999	10
2026-07-07T11:37:29.186	931	2270	1361	2711	6488	6099	6934	8656	7807	850	27.32	1011.97	54.79	94389	AS7341	flash	5	100	999	10
2026-07-07T11:37:31.197	931	2271	1361	2711	6489	6100	6935	8655	7809	850	27.31	1011.96	54.71	94177	AS7341	flash	5	100	999	10
2026-07-07T11:37:33.205	931	2271	1362	2711	6488	6099	6934	8655	7807	850	27.31	1011.97	54.62	94283	AS7341	flash	5	100	999	10
2026-07-07T11:37:35.217	931	2271	1361	2711	6488	6098	6933	8652	7806	850	27.31	1011.95	54.56	94177	AS7341	flash	5	100	999	10
2026-07-07T11:37:37.120	931	2271	1361	2710	6486	6097	6930	8649	7805	850	27.33	1011.98	54.49	95032	AS7341	flash	5	100	999	10
2026-07-07T11:37:39.138	931	2271	1361	2711	6488	6099	6932	8650	7807	850	27.31	1011.98	54.44	94389	AS7341	flash	5	100	999	10
2026-07-07T11:37:41.162	931	2271	1361	2711	6487	6098	6930	8647	7804	850	27.31	1011.98	54.39	94709	AS7341	flash	5	100	999	10
2026-07-07T11:37:43.179	931	2272	1362	2712	6489	6099	6932	8648	7806	850	27.31	1011.99	54.34	94389	AS7341	flash	5	100	999	10
2026-07-07T11:37:45.202	931	2272	1362	2712	6488	6098	6931	8646	7805	849	27.31	1011.96	54.3	94283	AS7341	flash	5	100	999	10
2026-07-07T11:37:47.217	931	2272	1362	2712	6489	6099	6931	8645	7804	850	27.31	1011.96	54.28	94817	AS7341	flash	5	100	999	10
2026-07-07T11:37:49.124	931	2272	1362	2711	6491	6101	6932	8648	7808	850	27.33	1011.98	54.24	94924	AS7341	flash	5	100	999	10
2026-07-07T11:37:51.140	931	2272	1361	2711	6489	6100	6931	8646	7804	850	27.32	1011.97	54.22	95032	AS7341	flash	5	100	999	10
2026-07-07T11:37:53.150	931	2272	1361	2712	6488	6098	6930	8643	7803	850	27.32	1012.03	54.2	94817	AS7341	flash	5	100	999	10
2026-07-07T11:37:55.162	931	2273	1362	2713	6491	6101	6932	8646	7806	850	27.32	1011.99	54.18	94602	AS7341	flash	5	100	999	10
2026-07-07T11:37:57.186	931	2273	1362	2713	6491	6102	6933	8646	7807	850	27.32	1011.98	54.16	95032	AS7341	flash	5	100	999	10
2026-07-07T11:37:59.202	931	2272	1362	2712	6491	6101	6932	8645	7806	850	27.33	1011.98	54.13	94602	AS7341	flash	5	100	999	10
2026-07-07T11:38:01.216	931	2273	1362	2714	6495	6105	6935	8649	7810	850	27.32	1012.0	54.13	94817	AS7341	flash	5	100	999	10
2026-07-07T11:38:03.122	931	2273	1362	2713	6491	6101	6931	8643	7806	850	27.34	1011.96	54.1	95465	AS7341	flash	5	100	999	10
2026-07-07T11:38:05.133	931	2273	1362	2713	6492	6102	6932	8644	7806	850	27.32	1011.96	54.07	95248	AS7341	flash	5	100	999	10
2026-07-07T11:38:07.144	931	2273	1362	2714	6495	6104	6934	8645	7809	850	27.33	1012.03	54.07	95032	AS7341	flash	5	100	999	10
2026-07-07T11:38:09.165	931	2273	1362	2714	6493	6103	6933	8644	7807	850	27.33	1011.99	54.06	95032	AS7341	flash	5	100	999	10
2026-07-07T11:38:11.176	931	2273	1362	2714	6492	6103	6932	8642	7806	850	27.33	1011.99	54.04	94709	AS7341	flash	5	100	999	10
2026-07-07T11:38:13.193	931	2273	1362	2714	6493	6103	6933	8644	7807	850	27.33	1012.02	54.04	95032	AS7341	flash	5	100	999	10
2026-07-07T11:38:15.221	931	2272	1362	2713	6493	6102	6932	8641	7805	850	27.33	1012.0	54.04	94817	AS7341	flash	5	100	999	10
2026-07-07T11:38:17.134	931	2272	1362	2713	6494	6104	6934	8645	7809	850	27.35	1012.0	54.03	95140	AS7341	flash	5	100	999	10
2026-07-07T11:38:19.160	931	2272	1362	2713	6490	6100	6932	8645	7806	850	27.34	1011.97	54.12	94709	AS7341	flash	5	100	999	10
2026-07-07T11:38:21.183	931	2272	1362	2712	6487	6098	6930	8646	7803	850	27.35	1012.0	54.38	94389	AS7341	flash	5	100	999	10
2026-07-07T11:38:23.204	931	2273	1362	2711	6487	6098	6933	8654	7807	850	27.34	1011.97	54.68	94177	AS7341	flash	5	100	999	10
2026-07-07T11:38:25.221	931	2272	1362	2710	6482	6093	6928	8650	7802	849	27.35	1012.01	55.01	94071	AS7341	flash	5	100	999	10
2026-07-07T11:38:27.124	931	2273	1362	2708	6480	6090	6926	8647	7799	849	27.36	1012.01	55.22	93965	AS7341	flash	5	100	999	10
2026-07-07T11:38:29.136	931	2273	1362	2709	6480	6090	6925	8648	7800	849	27.36	1012.02	55.24	93650	AS7341	flash	5	100	999	10
2026-07-07T11:38:31.164	931	2274	1362	2709	6480	6091	6926	8649	7800	849	27.36	1012.01	55.22	93755	AS7341	flash	5	100	999	10
2026-07-07T11:38:33.178	931	2274	1362	2709	6481	6092	6927	8648	7801	850	27.36	1011.99	55.14	93546	AS7341	flash	5	100	999	10
2026-07-07T11:38:35.190	931	2275	1362	2709	6481	6091	6925	8647	7800	849	27.36	1011.96	55.03	93860	AS7341	flash	5	100	999	10
2026-07-07T11:38:37.221	931	2275	1362	2709	6481	6091	6925	8646	7800	849	27.36	1012.02	54.94	93965	AS7341	flash	5	100	999	10
2026-07-07T11:38:39.133	930	2274	1362	2708	6478	6088	6922	8639	7796	849	27.38	1012.01	54.85	94177	AS7341	flash	5	100	999	10
2026-07-07T11:38:41.155	931	2274	1362	2709	6479	6089	6922	8640	7797	849	27.37	1012.01	54.74	94389	AS7341	flash	5	100	999	10
2026-07-07T11:38:43.175	931	2276	1363	2710	6482	6092	6924	8642	7799	849	27.37	1012.03	54.66	94283	AS7341	flash	5	100	999	10
2026-07-07T11:38:45.188	931	2275	1363	2710	6483	6092	6925	8642	7800	849	27.37	1012.01	54.58	94283	AS7341	flash	5	100	999	10
2026-07-07T11:38:47.202	931	2276	1363	2710	6482	6092	6923	8639	7798	849	27.37	1012.02	54.52	94177	AS7341	flash	5	100	999	10
2026-07-07T11:38:49.220	931	2276	1362	2710	6481	6091	6922	8639	7798	849	27.37	1011.99	54.46	94177	AS7341	flash	5	100	999	10
2026-07-07T11:38:51.138	931	2275	1362	2709	6480	6090	6921	8635	7796	849	27.38	1011.97	54.4	94709	AS7341	flash	5	100	999	10
2026-07-07T11:38:53.161	931	2275	1362	2710	6481	6090	6921	8635	7796	849	27.38	1012.01	54.36	94709	AS7341	flash	5	100	999	10
2026-07-07T11:38:55.182	931	2275	1363	2710	6483	6093	6924	8637	7798	849	27.38	1012.0	54.3	94496	AS7341	flash	5	100	999	10
2026-07-07T11:38:57.189	931	2276	1363	2710	6481	6091	6921	8632	7797	849	27.38	1011.99	54.27	94602	AS7341	flash	5	100	999	10
2026-07-07T11:38:59.211	931	2276	1363	2710	6483	6093	6923	8635	7798	849	27.38	1012.0	54.24	94817	AS7341	flash	5	100	999	10
2026-07-07T11:39:01.221	931	2276	1363	2711	6485	6095	6924	8635	7800	849	27.38	1012.01	54.21	94389	AS7341	flash	5	100	999	10
2026-07-07T11:39:03.123	931	2275	1363	2710	6484	6093	6922	8633	7798	849	27.4	1012.02	54.18	95356	AS7341	flash	5	100	999	10
2026-07-07T11:39:05.135	931	2277	1363	2712	6484	6093	6921	8632	7798	849	27.39	1012.04	54.16	94602	AS7341	flash	5	100	999	10
2026-07-07T11:39:07.151	931	2276	1363	2711	6484	6093	6922	8632	7797	849	27.39	1012.0	54.13	94602	AS7341	flash	5	100	999	10
2026-07-07T11:39:09.165	931	2276	1363	2711	6485	6094	6922	8632	7799	849	27.39	1012.05	54.11	94709	AS7341	flash	5	100	999	10
2026-07-07T11:39:11.177	931	2276	1363	2711	6485	6094	6923	8632	7799	849	27.39	1012.03	54.1	94496	AS7341	flash	5	100	999	10
2026-07-07T11:39:13.206	931	2276	1363	2712	6487	6096	6924	8634	7800	849	27.39	1012.0	54.08	94602	AS7341	flash	5	100	999	10
2026-07-07T11:39:15.224	931	2276	1363	2712	6486	6095	6923	8633	7799	849	27.39	1012.0	54.06	94817	AS7341	flash	5	100	999	10
2026-07-07T11:39:17.138	931	2276	1363	2712	6484	6093	6920	8628	7796	849	27.4	1012.02	54.06	95356	AS7341	flash	5	100	999	10
2026-07-07T11:39:19.160	931	2277	1363	2712	6487	6096	6924	8631	7800	849	27.4	1012.0	54.05	94817	AS7341	flash	5	100	999	10
2026-07-07T11:39:21.171	931	2276	1363	2711	6488	6096	6924	8632	7800	849	27.4	1012.02	54.02	94817	AS7341	flash	5	100	999	10
2026-07-07T11:39:23.185	931	2277	1363	2712	6487	6096	6923	8630	7799	849	27.4	1012.03	54.01	94817	AS7341	flash	5	100	999	10
2026-07-07T11:39:25.199	931	2276	1363	2712	6486	6095	6922	8628	7798	849	27.4	1012.01	54.01	94389	AS7341	flash	5	100	999	10
2026-07-07T11:39:27.214	931	2276	1363	2711	6486	6095	6924	8632	7799	849	27.41	1012.06	54.01	94602	AS7341	flash	5	100	999	10
2026-07-07T11:39:29.240	931	2276	1363	2711	6484	6094	6924	8638	7800	849	27.41	1012.03	54.15	94283	AS7341	flash	5	100	999	10
2026-07-07T11:39:31.144	932	2277	1365	2714	6499	6100	6929	8679	7893	861	27.43	1012.03	54.41	94283	AS7341	flash	5	100	999	10
2026-07-07T11:39:33.159	931	2276	1363	2709	6478	6087	6921	8640	7796	848	27.42	1012.03	54.72	93755	AS7341	flash	5	100	999	10
2026-07-07T11:39:35.169	931	2277	1363	2707	6477	6087	6920	8641	7797	849	27.42	1012.01	55.03	93546	AS7341	flash	5	100	999	10
2026-07-07T11:39:37.181	931	2277	1363	2707	6473	6084	6917	8637	7793	849	27.42	1012.0	55.24	93650	AS7341	flash	5	100	999	10
2026-07-07T11:39:39.207	931	2277	1363	2708	6475	6085	6918	8640	7795	849	27.42	1012.02	55.27	93441	AS7341	flash	5	100	999	10
2026-07-07T11:39:41.226	931	2279	1363	2707	6473	6083	6916	8636	7793	848	27.43	1012.02	55.23	92923	AS7341	flash	5	100	999	10
2026-07-07T11:39:43.239	931	2279	1363	2708	6474	6084	6916	8636	7794	848	27.43	1012.01	55.14	93546	AS7341	flash	5	100	999	10
2026-07-07T11:39:45.145	931	2278	1363	2706	6471	6080	6912	8631	7790	848	27.44	1011.99	55.06	93965	AS7341	flash	5	100	999	10
2026-07-07T11:39:47.162	931	2280	1363	2707	6472	6081	6913	8630	7791	848	27.45	1012.02	54.96	93546	AS7341	flash	5	100	999	10
2026-07-07T11:39:49.186	931	2280	1363	2707	6472	6080	6911	8628	7789	848	27.43	1011.99	54.87	93546	AS7341	flash	5	100	999	10
2026-07-07T11:39:51.206	931	2281	1363	2708	6472	6081	6912	8629	7791	848	27.45	1012.03	54.8	93337	AS7341	flash	5	100	999	10
2026-07-07T11:39:53.219	931	2281	1363	2707	6471	6080	6910	8626	7789	848	27.45	1012.03	54.74	93546	AS7341	flash	5	100	999	10
2026-07-07T11:39:55.232	931	2281	1363	2707	6472	6080	6909	8624	7788	848	27.45	1012.0	54.7	93860	AS7341	flash	5	100	999	10
2026-07-07T11:39:57.149	930	2281	1363	2707	6469	6078	6906	8620	7785	847	27.46	1012.01	54.64	94709	AS7341	flash	5	100	999	10
2026-07-07T11:39:59.163	931	2281	1363	2707	6472	6080	6909	8624	7788	848	27.45	1012.02	54.61	93965	AS7341	flash	5	100	999	10
2026-07-07T11:40:01.185	931	2282	1364	2708	6472	6080	6909	8623	7788	848	27.46	1012.0	54.58	93965	AS7341	flash	5	100	999	10
2026-07-07T11:40:03.199	931	2282	1363	2707	6470	6078	6906	8618	7786	847	27.46	1012.02	54.57	93965	AS7341	flash	5	100	999	10
2026-07-07T11:40:05.229	931	2282	1363	2707	6469	6077	6905	8618	7784	848	27.46	1011.99	54.55	93755	AS7341	flash	5	100	999	10
2026-07-07T11:40:07.128	930	2281	1363	2706	6468	6076	6904	8615	7784	848	27.47	1012.01	54.56	94602	AS7341	flash	5	100	999	10
2026-07-07T11:40:09.152	931	2283	1364	2708	6470	6079	6906	8619	7786	848	27.47	1012.01	54.52	94177	AS7341	flash	5	100	999	10
2026-07-07T11:40:11.162	931	2283	1364	2708	6469	6077	6904	8616	7784	848	27.47	1011.99	54.52	94177	AS7341	flash	5	100	999	10
2026-07-07T11:40:13.174	931	2284	1364	2708	6471	6079	6906	8617	7787	848	27.47	1011.97	54.52	93755	AS7341	flash	5	100	999	10
2026-07-07T11:40:15.194	931	2283	1364	2708	6470	6077	6903	8614	7784	848	27.48	1012.01	54.51	93860	AS7341	flash	5	100	999	10
2026-07-07T11:40:17.218	931	2284	1364	2708	6468	6076	6902	8613	7783	848	27.49	1011.98	54.51	93546	AS7341	flash	5	100	999	10
2026-07-07T11:40:19.232	931	2284	1364	2708	6470	6076	6903	8612	7784	848	27.49	1011.99	54.5	93755	AS7341	flash	5	100	999	10
2026-07-07T11:40:21.146	930	2284	1364	2707	6466	6074	6900	8609	7781	848	27.51	1012.04	54.52	93965	AS7341	flash	5	100	999	10
2026-07-07T11:40:23.164	931	2284	1364	2707	6468	6075	6902	8610	7783	848	27.49	1012.02	54.51	94071	AS7341	flash	5	100	999	10
2026-07-07T11:40:25.179	931	2284	1364	2707	6468	6075	6902	8609	7782	848	27.5	1012.03	54.53	93546	AS7341	flash	5	100	999	10
2026-07-07T11:40:27.194	931	2285	1364	2707	6467	6074	6901	8610	7781	848	27.5	1012.0	54.53	93650	AS7341	flash	5	100	999	10
2026-07-07T11:40:29.216	930	2284	1364	2707	6466	6074	6900	8607	7780	847	27.51	1012.03	54.55	93755	AS7341	flash	5	100	999	10
2026-07-07T11:40:31.242	931	2284	1364	2707	6465	6072	6898	8607	7779	847	27.51	1012.01	54.53	93755	AS7341	flash	5	100	999	10
2026-07-07T11:40:33.183	931	2285	1364	2707	6465	6072	6898	8607	7779	848	27.51	1011.99	54.55	94071	AS7341	flash	5	100	999	10
2026-07-07T11:40:35.191	931	2286	1365	2707	6466	6073	6899	8609	7781	848	27.52	1012.03	54.54	93965	AS7341	flash	5	100	999	10
2026-07-07T11:40:37.203	931	2286	1364	2707	6464	6072	6899	8610	7780	848	27.52	1011.98	54.6	93650	AS7341	flash	5	100	999	10
2026-07-07T11:40:39.218	930	2285	1364	2704	6459	6067	6896	8611	7777	847	27.52	1011.99	54.81	93233	AS7341	flash	5	100	999	10
2026-07-07T11:40:41.232	931	2285	1364	2704	6457	6066	6897	8617	7778	847	27.52	1011.98	55.15	92923	AS7341	flash	5	100	999	10
2026-07-07T11:40:43.146	930	2285	1364	2701	6450	6058	6890	8611	7770	847	27.54	1012.01	55.54	92717	AS7341	flash	5	100	999	10
2026-07-07T11:40:45.160	930	2286	1364	2701	6448	6055	6889	8612	7769	847	27.54	1012.03	55.88	92615	AS7341	flash	5	100	999	10
2026-07-07T11:40:47.170	930	2286	1364	2699	6445	6053	6887	8610	7767	847	27.54	1012.0	56.08	91903	AS7341	flash	5	100	999	10
2026-07-07T11:40:49.186	930	2287	1364	2699	6443	6051	6884	8607	7765	846	27.54	1012.02	56.12	92105	AS7341	flash	5	100	999	10
2026-07-07T11:40:51.197	930	2288	1364	2698	6443	6051	6884	8608	7765	846	27.55	1012.03	56.07	92105	AS7341	flash	5	100	999	10
2026-07-07T11:40:53.211	930	2287	1364	2698	6443	6050	6884	8608	7764	846	27.55	1012.03	55.98	92004	AS7341	flash	5	100	999	10
2026-07-07T11:40:55.247	930	2288	1364	2698	6442	6050	6882	8604	7763	846	27.55	1012.04	55.88	92105	AS7341	flash	5	100	999	10
2026-07-07T11:40:57.158	929	2288	1364	2697	6438	6046	6877	8599	7759	846	27.56	1012.01	55.76	92410	AS7341	flash	5	100	999	10
2026-07-07T11:40:59.183	930	2289	1364	2698	6441	6049	6879	8601	7761	846	27.55	1012.02	55.67	92105	AS7341	flash	5	100	999	10
2026-07-07T11:41:01.197	930	2289	1365	2698	6441	6048	6879	8599	7762	846	27.56	1012.04	55.58	92308	AS7341	flash	5	100	999	10
2026-07-07T11:41:03.220	930	2290	1365	2699	6442	6049	6879	8600	7761	846	27.56	1012.04	55.51	92512	AS7341	flash	5	100	999	10
2026-07-07T11:41:05.135	929	2289	1364	2697	6436	6044	6873	8591	7756	845	27.57	1012.04	55.44	92615	AS7341	flash	5	100	999	10
2026-07-07T11:41:07.148	930	2290	1365	2698	6439	6046	6876	8593	7759	846	27.57	1012.02	55.38	92512	AS7341	flash	5	100	999	10
2026-07-07T11:41:09.160	930	2291	1365	2698	6440	6046	6876	8593	7760	846	27.56	1011.99	55.33	92923	AS7341	flash	5	100	999	10
2026-07-07T11:41:11.178	930	2291	1365	2698	6439	6046	6875	8591	7759	846	27.57	1012.03	55.29	92410	AS7341	flash	5	100	999	10
2026-07-07T11:41:13.201	930	2292	1365	2698	6440	6046	6875	8591	7759	846	27.57	1011.99	55.27	92105	AS7341	flash	5	100	999	10
2026-07-07T11:41:15.227	930	2291	1365	2698	6438	6044	6872	8589	7757	845	27.58	1012.03	55.23	92512	AS7341	flash	5	100	999	10
2026-07-07T11:41:17.240	930	2291	1365	2698	6437	6043	6871	8586	7756	845	27.58	1012.03	55.2	92308	AS7341	flash	5	100	999	10
2026-07-07T11:41:19.157	930	2291	1365	2697	6435	6042	6869	8584	7754	845	27.59	1012.03	55.18	92923	AS7341	flash	5	100	999	10
2026-07-07T11:41:21.172	930	2292	1365	2698	6437	6043	6871	8586	7756	845	27.58	1012.03	55.14	92923	AS7341	flash	5	100	999	10
2026-07-07T11:41:23.182	930	2293	1365	2698	6437	6043	6870	8584	7756	845	27.59	1012.03	55.13	92410	AS7341	flash	5	100	999	10
2026-07-07T11:41:25.197	929	2293	1365	2698	6436	6042	6869	8583	7754	845	27.59	1012.02	55.11	92410	AS7341	flash	5	100	999	10
2026-07-07T11:41:27.209	930	2293	1365	2698	6437	6043	6869	8582	7755	845	27.59	1012.03	55.12	92717	AS7341	flash	5	100	999	10
2026-07-07T11:41:29.223	930	2293	1365	2698	6436	6041	6868	8582	7753	845	27.59	1012.02	55.11	92207	AS7341	flash	5	100	999	10
2026-07-07T11:41:31.234	930	2293	1366	2698	6436	6042	6869	8583	7754	845	27.6	1011.99	55.1	92615	AS7341	flash	5	100	999	10
2026-07-07T11:41:33.246	930	2293	1366	2698	6436	6042	6868	8582	7754	845	27.61	1012.02	55.09	92615	AS7341	flash	5	100	999	10
2026-07-07T11:41:35.148	930	2293	1366	2697	6436	6042	6869	8581	7755	845	27.61	1012.05	55.08	92923	AS7341	flash	5	100	999	10
2026-07-07T11:41:37.160	930	2293	1366	2698	6433	6039	6864	8576	7750	845	27.61	1012.03	55.06	92615	AS7341	flash	5	100	999	10
2026-07-07T11:41:39.174	929	2294	1366	2697	6432	6038	6864	8575	7750	845	27.61	1012.0	55.06	92717	AS7341	flash	5	100	999	10
2026-07-07T11:41:41.190	930	2294	1366	2698	6434	6040	6865	8578	7752	845	27.61	1011.99	55.06	92512	AS7341	flash	5	100	999	10
2026-07-07T11:41:43.201	930	2295	1366	2698	6434	6040	6865	8576	7751	845	27.62	1012.02	55.06	92512	AS7341	flash	5	100	999	10
2026-07-07T11:41:45.224	929	2294	1366	2697	6434	6040	6866	8578	7753	845	27.62	1011.97	55.08	92615	AS7341	flash	5	100	999	10
2026-07-07T11:41:47.247	930	2295	1366	2698	6432	6038	6867	8583	7753	845	27.62	1011.98	55.14	92105	AS7341	flash	5	100	999	10
2026-07-07T11:41:49.159	929	2294	1366	2695	6427	6034	6863	8582	7749	845	27.64	1012.02	55.39	92512	AS7341	flash	5	100	999	10
2026-07-07T11:41:51.180	929	2295	1366	2694	6421	6028	6860	8582	7745	844	27.64	1011.98	55.74	91702	AS7341	flash	5	100	999	10
2026-07-07T11:41:53.197	929	2295	1366	2692	6418	6025	6857	8586	7744	844	27.64	1011.97	56.19	91302	AS7341	flash	5	100	999	10
2026-07-07T11:41:55.208	929	2295	1365	2690	6415	6022	6856	8586	7743	844	27.64	1012.0	56.54	90906	AS7341	flash	5	100	999	10
2026-07-07T11:41:57.219	929	2294	1365	2689	6413	6020	6853	8582	7740	844	27.65	1011.99	56.7	90906	AS7341	flash	5	100	999	10
2026-07-07T11:41:59.229	929	2296	1366	2689	6413	6021	6854	8583	7741	844	27.66	1012.01	56.69	91103	AS7341	flash	5	100	999	10
2026-07-07T11:42:01.252	929	2296	1366	2690	6412	6019	6852	8581	7740	844	27.66	1011.98	56.61	90611	AS7341	flash	5	100	999	10
2026-07-07T11:42:03.159	929	2297	1366	2689	6408	6015	6847	8574	7735	843	27.67	1011.98	56.5	91203	AS7341	flash	5	100	999	10
2026-07-07T11:42:05.176	929	2297	1366	2689	6409	6016	6848	8574	7735	843	27.67	1012.01	56.37	91203	AS7341	flash	5	100	999	10
2026-07-07T11:42:07.188	929	2298	1366	2689	6411	6018	6849	8576	7738	844	27.67	1012.0	56.25	91302	AS7341	flash	5	100	999	10
2026-07-07T11:42:09.204	929	2298	1366	2689	6409	6015	6846	8572	7734	843	27.68	1012.0	56.15	91502	AS7341	flash	5	100	999	10
2026-07-07T11:42:11.227	929	2298	1366	2689	6408	6014	6845	8569	7733	843	27.68	1011.98	56.06	91103	AS7341	flash	5	100	999	10
2026-07-07T11:42:13.143	929	2299	1366	2689	6407	6014	6844	8567	7733	843	27.69	1012.0	55.96	91302	AS7341	flash	5	100	999	10
2026-07-07T11:42:15.157	929	2299	1366	2690	6409	6016	6846	8569	7735	843	27.69	1012.02	55.9	91702	AS7341	flash	5	100	999	10
2026-07-07T11:42:17.177	929	2300	1367	2690	6410	6016	6845	8567	7734	843	27.69	1012.02	55.82	91502	AS7341	flash	5	100	999	10
2026-07-07T11:42:19.189	929	2300	1366	2690	6409	6015	6845	8566	7733	843	27.69	1012.0	55.77	91103	AS7341	flash	5	100	999	10
2026-07-07T11:42:21.198	929	2301	1367	2690	6409	6016	6844	8566	7734	843	27.7	1012.04	55.73	91502	AS7341	flash	5	100	999	10
2026-07-07T11:42:23.214	929	2301	1367	2691	6411	6016	6844	8565	7735	843	27.7	1012.0	55.68	91103	AS7341	flash	5	100	999	10
2026-07-07T11:42:25.231	929	2301	1367	2689	6408	6014	6843	8562	7732	843	27.7	1012.04	55.64	91402	AS7341	flash	5	100	999	10
2026-07-07T11:42:27.249	929	2300	1367	2690	6409	6014	6842	8561	7732	843	27.71	1011.99	55.62	91502	AS7341	flash	5	100	999	10
2026-07-07T11:42:29.156	929	2301	1367	2689	6407	6013	6839	8558	7730	843	27.72	1012.02	55.58	92004	AS7341	flash	5	100	999	10
2026-07-07T11:42:31.170	929	2301	1367	2690	6407	6013	6840	8558	7730	843	27.72	1012.0	55.56	91702	AS7341	flash	5	100	999	10
2026-07-07T11:42:33.198	929	2303	1368	2690	6408	6014	6841	8560	7732	843	27.72	1012.02	55.53	91702	AS7341	flash	5	100	999	10
2026-07-07T11:42:35.215	929	2302	1367	2690	6408	6014	6840	8557	7731	843	27.73	1012.02	55.52	91903	AS7341	flash	5	100	999	10
2026-07-07T11:42:37.229	929	2301	1367	2690	6408	6012	6839	8557	7730	843	27.73	1012.01	55.5	91702	AS7341	flash	5	100	999	10
2026-07-07T11:42:39.256	929	2302	1367	2689	6406	6011	6837	8554	7728	842	27.73	1012.01	55.46	91502	AS7341	flash	5	100	999	10
2026-07-07T11:42:41.162	929	2302	1367	2689	6406	6011	6837	8553	7728	843	27.74	1012.03	55.45	92004	AS7341	flash	5	100	999	10
2026-07-07T11:42:43.180	929	2301	1367	2689	6408	6012	6838	8555	7730	843	27.73	1012.02	55.44	91402	AS7341	flash	5	100	999	10
2026-07-07T11:42:45.189	929	2302	1367	2689	6404	6009	6835	8550	7726	842	27.74	1012.04	55.45	91602	AS7341	flash	5	100	999	10
2026-07-07T11:42:47.205	929	2302	1368	2690	6406	6011	6836	8552	7728	843	27.74	1012.0	55.43	91203	AS7341	flash	5	100	999	10
2026-07-07T11:42:49.218	928	2302	1367	2689	6405	6010	6835	8550	7726	842	27.75	1012.05	55.45	91502	AS7341	flash	5	100	999	10
2026-07-07T11:42:51.230	929	2303	1368	2690	6406	6011	6835	8550	7727	842	27.74	1012.01	55.43	91302	AS7341	flash	5	100	999	10
2026-07-07T11:42:53.246	929	2302	1368	2690	6405	6011	6835	8551	7728	842	27.75	1012.02	55.41	91502	AS7341	flash	5	100	999	10
2026-07-07T11:42:55.163	928	2301	1367	2688	6401	6006	6831	8547	7723	842	27.76	1012.02	55.43	92004	AS7341	flash	5	100	999	10
2026-07-07T11:42:57.178	928	2302	1367	2687	6400	6005	6832	8551	7724	842	27.76	1011.99	55.54	91602	AS7341	flash	5	100	999	10
2026-07-07T11:42:59.204	929	2302	1367	2687	6398	6004	6834	8556	7725	842	27.76	1012.05	55.83	90906	AS7341	flash	5	100	999	10
2026-07-07T11:43:01.211	928	2301	1367	2684	6392	5998	6829	8558	7721	842	27.77	1012.01	56.23	90317	AS7341	flash	5	100	999	10
2026-07-07T11:43:03.237	929	2304	1367	2684	6391	5997	6830	8562	7722	842	27.77	1011.97	56.68	89929	AS7341	flash	5	100	999	10
2026-07-07T11:43:05.151	928	2303	1367	2681	6384	5991	6823	8556	7715	841	27.79	1012.02	56.99	90317	AS7341	flash	5	100	999	10
2026-07-07T11:43:07.162	928	2302	1367	2681	6382	5988	6821	8555	7714	841	27.79	1012.03	57.12	89929	AS7341	flash	5	100	999	10
2026-07-07T11:43:09.179	928	2304	1367	2681	6383	5989	6822	8556	7714	841	27.79	1012.01	57.11	89449	AS7341	flash	5	100	999	10
2026-07-07T11:43:11.191	928	2305	1367	2680	6382	5988	6820	8553	7713	841	27.79	1012.02	57.02	90220	AS7341	flash	5	100	999	10
2026-07-07T11:43:13.207	928	2305	1367	2681	6382	5988	6820	8553	7713	841	27.79	1012.02	56.89	89545	AS7341	flash	5	100	999	10
2026-07-07T11:43:15.233	928	2305	1367	2681	6380	5987	6818	8549	7711	841	27.8	1012.01	56.76	89737	AS7341	flash	5	100	999	10
2026-07-07T11:43:17.246	928	2306	1368	2681	6381	5987	6818	8548	7711	841	27.8	1012.03	56.65	89449	AS7341	flash	5	100	999	10
2026-07-07T11:43:19.167	928	2305	1367	2680	6377	5983	6813	8542	7707	840	27.81	1012.02	56.54	90317	AS7341	flash	5	100	999	10
2026-07-07T11:43:21.177	928	2306	1368	2680	6378	5984	6814	8542	7707	841	27.81	1012.04	56.44	90220	AS7341	flash	5	100	999	10
2026-07-07T11:43:23.197	928	2306	1368	2680	6379	5986	6814	8541	7709	841	27.82	1012.05	56.35	90317	AS7341	flash	5	100	999	10
2026-07-07T11:43:25.213	928	2307	1368	2681	6379	5985	6814	8540	7708	840	27.82	1011.99	56.25	90123	AS7341	flash	5	100	999	10
2026-07-07T11:43:27.229	928	2307	1368	2681	6380	5986	6815	8541	7708	841	27.82	1012.04	56.21	90415	AS7341	flash	5	100	999	10
2026-07-07T11:43:29.252	928	2308	1369	2682	6379	5985	6813	8539	7708	841	27.82	1012.02	56.13	90317	AS7341	flash	5	100	999	10
2026-07-07T11:43:31.158	928	2307	1368	2680	6377	5983	6810	8535	7705	840	27.83	1012.01	56.08	90611	AS7341	flash	5	100	999	10
2026-07-07T11:43:33.184	928	2308	1368	2681	6378	5984	6811	8534	7705	840	27.83	1012.02	56.03	90513	AS7341	flash	5	100	999	10
2026-07-07T11:43:35.214	928	2309	1368	2681	6379	5984	6811	8534	7706	840	27.83	1012.01	56.01	90415	AS7341	flash	5	100	999	10
2026-07-07T11:43:37.237	928	2309	1368	2681	6379	5985	6811	8535	7707	840	27.84	1012.0	55.96	90415	AS7341	flash	5	100	999	10
2026-07-07T11:43:39.244	928	2309	1369	2681	6380	5986	6812	8536	7709	841	27.84	1012.02	55.94	90415	AS7341	flash	5	100	999	10
2026-07-07T11:43:41.231	928	2309	1369	2681	6378	5984	6810	8532	7706	840	27.84	1012.03	55.92	90317	AS7341	flash	5	100	999	10
2026-07-07T11:43:43.220	928	2309	1369	2681	6377	5982	6808	8529	7704	840	27.85	1012.05	55.87	90513	AS7341	flash	5	100	999	10
2026-07-07T11:43:45.202	928	2310	1369	2682	6379	5984	6809	8529	7705	840	27.84	1012.0	55.86	90513	AS7341	flash	5	100	999	10
2026-07-07T11:43:47.190	928	2309	1369	2681	6378	5983	6809	8529	7705	840	27.85	1012.02	55.84	90709	AS7341	flash	5	100	999	10
2026-07-07T11:43:49.180	928	2309	1369	2681	6378	5983	6808	8529	7704	840	27.85	1012.0	55.82	91004	AS7341	flash	5	100	999	10
2026-07-07T11:43:51.176	928	2310	1369	2682	6378	5984	6809	8528	7705	840	27.86	1012.0	55.82	90709	AS7341	flash	5	100	999	10
2026-07-07T11:43:53.171	928	2310	1369	2681	6378	5983	6808	8528	7704	840	27.86	1011.99	55.81	90611	AS7341	flash	5	100	999	10
2026-07-07T11:43:55.151	928	2309	1369	2681	6378	5983	6808	8526	7704	840	27.87	1012.04	55.8	90709	AS7341	flash	5	100	999	10
2026-07-07T11:43:57.250	928	2310	1369	2682	6379	5984	6809	8528	7705	840	27.86	1012.0	55.78	90123	AS7341	flash	5	100	999	10
2026-07-07T11:43:59.142	928	2310	1369	2681	6376	5980	6804	8522	7700	840	27.88	1012.03	55.79	91502	AS7341	flash	5	100	999	10
2026-07-07T11:44:01.238	928	2311	1369	2682	6378	5983	6807	8526	7704	840	27.87	1012.0	55.76	90220	AS7341	flash	5	100	999	10
2026-07-07T11:44:03.219	928	2310	1369	2681	6377	5981	6805	8523	7702	840	27.87	1012.02	55.77	90513	AS7341	flash	5	100	999	10
2026-07-07T11:44:05.211	928	2309	1369	2680	6375	5980	6805	8525	7702	840	27.88	1012.02	55.78	90513	AS7341	flash	5	100	999	10
2026-07-07T11:44:07.216	928	2310	1369	2679	6373	5979	6806	8530	7702	840	27.88	1012.0	55.91	91103	AS7341	flash	5	100	999	10
2026-07-07T11:44:09.207	927	2309	1368	2677	6368	5974	6804	8531	7700	840	27.89	1012.02	56.26	89833	AS7341	flash	5	100	999	10
2026-07-07T11:44:11.199	927	2310	1368	2676	6363	5969	6800	8534	7697	840	27.89	1012.02	56.68	89929	AS7341	flash	5	100	999	10
2026-07-07T11:44:13.193	927	2310	1368	2674	6361	5968	6800	8538	7697	839	27.9	1012.02	57.16	88974	AS7341	flash	5	100	999	10
2026-07-07T11:44:15.179	928	2312	1369	2674	6358	5964	6797	8536	7695	839	27.9	1012.03	57.48	88974	AS7341	flash	5	100	999	10
2026-07-07T11:44:17.166	927	2312	1369	2673	6353	5960	6793	8531	7689	839	27.9	1011.98	57.58	88691	AS7341	flash	5	100	999	10
2026-07-07T11:44:19.156	928	2313	1369	2673	6354	5960	6793	8531	7691	839	27.91	1012.04	57.55	89354	AS7341	flash	5	100	999	10
2026-07-07T11:44:21.246	928	2314	1369	2674	6357	5962	6794	8532	7692	839	27.91	1012.03	57.42	88411	AS7341	flash	5	100	999	10
2026-07-07T11:44:23.225	928	2314	1369	2673	6355	5960	6791	8530	7691	839	27.91	1012.0	57.29	88880	AS7341	flash	5	100	999	10
2026-07-07T11:44:25.221	927	2314	1369	2673	6352	5958	6789	8525	7687	839	27.91	1012.04	57.16	89449	AS7341	flash	5	100	999	10
2026-07-07T11:44:27.204	927	2314	1369	2672	6352	5958	6788	8523	7686	839	27.91	1012.01	57.04	89354	AS7341	flash	5	100	999	10
2026-07-07T11:44:29.193	927	2314	1369	2672	6350	5956	6785	8520	7684	838	27.91	1012.02	56.92	89354	AS7341	flash	5	100	999	10
2026-07-07T11:44:31.185	927	2315	1370	2673	6351	5957	6786	8520	7685	838	27.92	1012.03	56.82	89259	AS7341	flash	5	100	999	10
2026-07-07T11:44:33.174	927	2315	1369	2672	6351	5956	6785	8517	7684	838	27.92	1012.04	56.73	89929	AS7341	flash	5	100	999	10
2026-07-07T11:44:35.175	927	2316	1370	2672	6351	5957	6785	8517	7685	838	27.93	1012.03	56.66	89449	AS7341	flash	5	100	999	10
2026-07-07T11:44:37.171	928	2316	1370	2673	6351	5957	6785	8517	7685	838	27.93	1012.05	56.6	90026	AS7341	flash	5	100	999	10
2026-07-07T11:44:39.163	927	2316	1370	2672	6351	5956	6783	8515	7684	838	27.93	1012.03	56.56	89737	AS7341	flash	5	100	999	10
2026-07-07T11:44:41.151	927	2316	1370	2672	6351	5955	6783	8513	7682	838	27.93	1012.09	56.5	89737	AS7341	flash	5	100	999	10
2026-07-07T11:44:43.242	927	2316	1370	2672	6350	5955	6783	8513	7683	838	27.93	1012.05	56.47	90807	AS7341	flash	5	100	999	10
2026-07-07T11:44:45.241	927	2317	1370	2672	6350	5954	6782	8510	7681	838	27.94	1012.03	56.44	89833	AS7341	flash	5	100	999	10
2026-07-07T11:44:47.236	928	2318	1370	2674	6350	5955	6782	8511	7682	838	27.95	1012.03	56.4	89545	AS7341	flash	5	100	999	10
2026-07-07T11:44:49.226	927	2317	1370	2673	6352	5957	6784	8512	7684	838	27.94	1012.02	56.37	89545	AS7341	flash	5	100	999	10
2026-07-07T11:44:51.214	927	2317	1370	2672	6349	5954	6780	8508	7681	838	27.95	1012.04	56.33	90709	AS7341	flash	5	100	999	10
2026-07-07T11:44:53.210	927	2318	1370	2673	6351	5957	6782	8509	7682	838	27.95	1012.04	56.31	89929	AS7341	flash	5	100	999	10
2026-07-07T11:44:55.204	927	2318	1370	2673	6352	5956	6782	8510	7684	838	27.95	1012.01	56.29	89737	AS7341	flash	5	100	999	10
2026-07-07T11:44:57.201	927	2318	1370	2673	6350	5954	6780	8507	7681	838	27.96	1011.98	56.29	90026	AS7341	flash	5	100	999	10
2026-07-07T11:44:59.193	928	2319	1371	2673	6350	5954	6780	8506	7681	838	27.96	1011.98	56.26	89929	AS7341	flash	5	100	999	10
2026-07-07T11:45:01.179	927	2318	1370	2673	6350	5955	6780	8506	7681	838	27.97	1012.08	56.24	89641	AS7341	flash	5	100	999	10
2026-07-07T11:45:03.186	927	2319	1371	2673	6352	5957	6781	8507	7682	838	27.97	1012.01	56.25	89929	AS7341	flash	5	100	999	10
2026-07-07T11:45:05.201	927	2318	1370	2672	6349	5953	6778	8503	7679	838	27.97	1012.03	56.22	90317	AS7341	flash	5	100	999	10
2026-07-07T11:45:07.192	927	2319	1371	2673	6350	5954	6780	8504	7681	838	27.98	1012.06	56.21	89641	AS7341	flash	5	100	999	10
2026-07-07T11:45:09.208	927	2319	1370	2672	6350	5954	6779	8503	7680	838	27.98	1012.01	56.22	89641	AS7341	flash	5	100	999	10
2026-07-07T11:45:11.214	927	2319	1370	2672	6348	5953	6777	8502	7678	838	27.99	1011.99	56.21	90513	AS7341	flash	5	100	999	10
2026-07-07T11:45:13.210	927	2319	1370	2673	6349	5953	6778	8502	7680	838	27.99	1012.01	56.22	89449	AS7341	flash	5	100	999	10
2026-07-07T11:45:15.235	927	2319	1370	2672	6348	5953	6779	8506	7680	838	28.0	1012.04	56.23	89449	AS7341	flash	5	100	999	10
2026-07-07T11:45:17.229	927	2319	1371	2672	6344	5949	6778	8508	7678	838	27.99	1012.02	56.44	89164	AS7341	flash	5	100	999	10
2026-07-07T11:45:19.245	927	2318	1370	2669	6355	5953	6783	8548	7760	848	28.0	1012.01	56.83	90220	AS7341	flash	5	100	999	10
2026-07-07T11:45:21.235	927	2319	1370	2668	6336	5942	6774	8514	7675	837	28.01	1012.07	57.32	88131	AS7341	flash	5	100	999	10
2026-07-07T11:45:23.252	927	2319	1370	2666	6331	5937	6769	8515	7671	837	28.01	1012.04	57.78	88411	AS7341	flash	5	100	999	10
2026-07-07T11:45:25.270	927	2320	1370	2665	6329	5935	6768	8514	7670	837	28.02	1012.03	58.05	87946	AS7341	flash	5	100	999	10
2026-07-07T11:45:27.157	927	2321	1370	2664	6325	5932	6764	8510	7667	836	28.03	1012.03	58.13	87946	AS7341	flash	5	100	999	10
2026-07-07T11:45:29.151	927	2322	1370	2664	6325	5932	6763	8509	7667	836	28.03	1012.05	58.07	88317	AS7341	flash	5	100	999	10
2026-07-07T11:45:31.240	927	2323	1370	2665	6325	5932	6763	8508	7667	836	28.02	1012.04	57.97	87305	AS7341	flash	5	100	999	10
2026-07-07T11:45:33.230	927	2324	1371	2665	6323	5930	6762	8507	7665	836	28.04	1012.06	57.84	87670	AS7341	flash	5	100	999	10
2026-07-07T11:45:35.221	927	2324	1371	2664	6324	5930	6762	8505	7666	836	28.04	1012.07	57.74	88224	AS7341	flash	5	100	999	10
2026-07-07T11:45:37.209	927	2324	1371	2664	6322	5928	6760	8502	7664	836	28.05	1012.05	57.62	88411	AS7341	flash	5	100	999	10
2026-07-07T11:45:39.198	927	2325	1371	2664	6321	5927	6758	8500	7662	836	28.05	1012.03	57.54	89737	AS7341	flash	5	100	999	10
2026-07-07T11:45:41.188	927	2325	1371	2663	6320	5926	6758	8498	7662	836	28.05	1012.01	57.47	89354	AS7341	flash	5	100	999	10
2026-07-07T11:45:43.170	927	2325	1371	2663	6318	5925	6755	8496	7659	836	28.05	1012.04	57.43	89545	AS7341	flash	5	100	999	10
2026-07-07T11:45:45.160	926	2326	1371	2662	6317	5924	6754	8494	7658	836	28.06	1012.01	57.39	88039	AS7341	flash	5	100	999	10
2026-07-07T11:45:47.140	927	2326	1371	2663	6317	5923	6752	8493	7657	835	28.06	1012.04	57.36	88691	AS7341	flash	5	100	999	10
2026-07-07T11:45:49.234	927	2327	1371	2662	6317	5923	6753	8494	7658	835	28.06	1012.02	57.35	88691	AS7341	flash	5	100	999	10
2026-07-07T11:45:51.229	927	2327	1371	2662	6316	5922	6752	8492	7657	835	28.07	1012.04	57.34	88974	AS7341	flash	5	100	999	10
2026-07-07T11:45:53.225	926	2327	1371	2662	6314	5921	6750	8491	7656	835	28.07	1012.02	57.36	89164	AS7341	flash	5	100	999	10
2026-07-07T11:45:55.211	927	2328	1371	2662	6314	5920	6750	8490	7656	835	28.08	1012.02	57.34	87946	AS7341	flash	5	100	999	10
2026-07-07T11:45:57.202	926	2328	1371	2661	6311	5917	6746	8485	7652	835	28.08	1012.07	57.35	87854	AS7341	flash	5	100	999	10
2026-07-07T11:45:59.185	926	2329	1372	2661	6311	5918	6747	8487	7653	835	28.08	1012.03	57.37	88131	AS7341	flash	5	100	999	10
2026-07-07T11:46:01.172	926	2329	1371	2661	6310	5917	6747	8486	7652	835	28.09	1012.03	57.37	88411	AS7341	flash	5	100	999	10
2026-07-07T11:46:03.156	926	2329	1372	2661	6309	5916	6745	8485	7652	835	28.1	1012.04	57.4	87854	AS7341	flash	5	100	999	10
2026-07-07T11:46:05.242	926	2330	1372	2661	6310	5917	6747	8487	7653	835	28.1	1012.03	57.43	88504	AS7341	flash	5	100	999	10
2026-07-07T11:46:07.236	926	2330	1372	2660	6310	5915	6745	8485	7652	835	28.11	1011.99	57.45	88974	AS7341	flash	5	100	999	10
2026-07-07T11:46:09.230	926	2329	1371	2659	6305	5912	6742	8481	7648	834	28.11	1012.0	57.46	87487	AS7341	flash	5	100	999	10
2026-07-07T11:46:11.214	926	2329	1371	2658	6303	5910	6739	8479	7646	834	28.11	1012.04	57.49	88598	AS7341	flash	5	100	999	10
2026-07-07T11:46:13.202	926	2330	1372	2658	6304	5910	6740	8480	7647	834	28.12	1012.04	57.51	88317	AS7341	flash	5	100	999	10
2026-07-07T11:46:15.202	926	2331	1372	2659	6304	5911	6740	8481	7647	835	28.13	1012.06	57.53	88224	AS7341	flash	5	100	999	10
2026-07-07T11:46:17.186	926	2332	1372	2658	6304	5910	6739	8479	7646	834	28.13	1012.03	57.55	87670	AS7341	flash	5	100	999	10
2026-07-07T11:46:19.182	926	2332	1372	2658	6301	5908	6737	8478	7645	834	28.13	1012.04	57.58	87854	AS7341	flash	5	100	999	10
2026-07-07T11:46:21.175	926	2332	1372	2658	6302	5908	6737	8479	7644	834	28.14	1012.01	57.62	87578	AS7341	flash	5	100	999	10
2026-07-07T11:46:23.167	926	2331	1372	2656	6298	5904	6734	8477	7642	834	28.15	1012.04	57.64	87396	AS7341	flash	5	100	999	10
2026-07-07T11:46:25.156	926	2332	1372	2656	6297	5904	6736	8483	7644	834	28.15	1012.07	57.72	87854	AS7341	flash	5	100	999	10
2026-07-07T11:46:27.250	926	2332	1372	2654	6294	5901	6735	8488	7643	834	28.15	1012.02	58.05	87123	AS7341	flash	5	100	999	10
2026-07-07T11:46:29.228	926	2331	1371	2652	6287	5894	6731	8490	7638	833	28.16	1012.04	58.55	87123	AS7341	flash	5	100	999	10
2026-07-07T11:46:31.217	926	2332	1371	2650	6281	5889	6728	8494	7636	833	28.18	1012.06	59.14	86226	AS7341	flash	5	100	999	10
2026-07-07T11:46:33.210	925	2331	1371	2648	6275	5884	6724	8492	7632	833	28.19	1012.01	59.67	86226	AS7341	flash	5	100	999	10
2026-07-07T11:46:35.195	926	2333	1372	2647	6273	5883	6723	8492	7631	834	28.19	1012.01	59.96	86404	AS7341	flash	5	100	999	10
