timestamp	f1_415	f2_445	f3_480	f4_515	f5_555	f6_590	f7_630	f8_680	clear	nir	T	P	RH	Gas	model	mode	gain	atime	astep	led	pwm	led_V
2026-07-09T12:29:02.406	430	879	595	1147	2946	2880	3337	3664	3946	510	26.66	1018.99	49.79	194464	AS7341	flash	5	100	999	10	100.0	0.15
2026-07-09T12:29:04.397	431	879	595	1147	2948	2882	3339	3666	3948	510	26.66	1019.0	49.81	195271	AS7341	flash	5	100	999	10	100.0	0.15
2026-07-09T12:29:06.387	430	879	595	1147	2947	2882	3339	3666	3949	510	26.66	1019.01	49.81	195851	AS7341	flash	5	100	999	10	100.0	0.15
2026-07-09T12:29:08.371	430	879	595	1147	2947	2882	3339	3666	3948	510	26.68	1018.98	49.81	196201	AS7341	flash	5	100	999	10	100.0	0.15
2026-07-09T12:29:10.355	431	879	595	1147	2947	2882	3339	3666	3949	510	26.67	1018.99	49.82	196670	AS7341	flash	5	100	999	10	100.0	0.15
2026-07-09T12:29:12.342	430	879	595	1147	2948	2883	3340	3667	3949	510	26.69	1019.01	49.83	196201	AS7341	flash	5	100	999	10	100.0	0.15
2026-07-09T12:29:14.333	431	879	595	1147	2949	2883	3341	3667	3950	510	26.69	1019.02	49.83	196905	AS7341	flash	5	100	999	10	100.0	0.15
2026-07-09T12:29:16.421	431	879	595	1148	2949	2884	3342	3668	3951	510	26.69	1019.03	49.84	196318	AS7341	flash	5	100	999	10	100.0	0.15
2026-07-09T12:29:18.404	431	879	595	1148	2949	2884	3342	3668	3950	510	26.71	1019.03	49.85	196670	AS7341	flash	5	100	999	10	100.0	0.15
2026-07-09T12:29:20.387	431	879	595	1147	2949	2884	3341	3668	3950	510	26.71	1019.02	49.87	195851	AS7341	flash	5	100	999	10	100.0	0.15
2026-07-09T12:29:22.377	431	879	595	1147	2948	2883	3341	3667	3949	510	26.71	1019.0	49.86	196085	AS7341	flash	5	100	999	10	100.0	0.15
2026-07-09T12:29:24.364	430	879	595	1147	2947	2882	3340	3666	3948	510	26.72	1019.03	49.86	196436	AS7341	flash	5	100	999	10	100.0	0.15
2026-07-09T12:29:26.352	431	879	595	1147	2948	2882	3340	3667	3949	510	26.73	1019.02	49.88	197141	AS7341	flash	5	100	999	10	100.0	0.15
2026-07-09T12:29:28.335	431	879	595	1147	2947	2881	3339	3665	3948	510	26.74	1019.03	49.89	197614	AS7341	flash	5	100	999	10	100.0	0.15
2026-07-09T12:29:30.423	431	880	595	1147	2947	2881	3338	3666	3948	510	26.73	1019.03	49.89	197614	AS7341	flash	5	100	999	10	100.0	0.15
2026-07-09T12:29:32.406	430	880	595	1147	2943	2877	3334	3662	3944	509	26.75	1019.02	49.9	197852	AS7341	flash	5	100	999	10	100.0	0.15
2026-07-09T12:29:34.389	430	880	595	1146	2941	2875	3331	3660	3941	509	26.75	1019.02	49.9	196905	AS7341	flash	5	100	999	10	100.0	0.15
2026-07-09T12:29:36.373	430	880	595	1145	2938	2872	3329	3657	3938	509	26.76	1019.01	49.9	198448	AS7341	flash	5	100	999	10	100.0	0.15
2026-07-09T12:29:38.360	430	880	595	1144	2937	2870	3327	3655	3936	508	26.76	1019.01	49.89	198090	AS7341	flash	5	100	999	10	100.0	0.15
2026-07-09T12:29:40.343	430	881	595	1144	2935	2869	3325	3654	3935	508	26.77	1019.02	49.9	198209	AS7341	flash	5	100	999	10	100.0	0.15
2026-07-09T12:29:42.434	430	881	595	1144	2934	2867	3322	3653	3934	508	26.76	1018.96	49.9	199047	AS7341	flash	5	100	999	10	100.0	0.15
2026-07-09T12:29:44.420	429	881	595	1143	2932	2865	3320	3651	3932	508	26.77	1018.97	49.9	198448	AS7341	flash	5	100	999	10	100.0	0.15
2026-07-09T12:29:46.412	429	881	595	1143	2931	2864	3319	3650	3930	508	26.78	1018.99	49.9	198807	AS7341	flash	5	100	999	10	100.0	0.15
2026-07-09T12:29:48.399	429	881	595	1142	2929	2861	3316	3648	3927	508	26.78	1019.04	49.9	199047	AS7341	flash	5	100	999	10	100.0	0.15
2026-07-09T12:29:50.388	429	881	595	1142	2928	2860	3315	3647	3927	508	26.78	1018.99	49.9	199530	AS7341	flash	5	100	999	10	100.0	0.15
2026-07-09T12:29:52.381	429	882	595	1142	2927	2859	3313	3646	3925	507	26.79	1019.01	49.89	199772	AS7341	flash	5	100	999	10	100.0	0.15
2026-07-09T12:29:54.375	429	882	595	1142	2927	2858	3312	3646	3924	507	26.79	1019.01	49.91	200380	AS7341	flash	5	100	999	10	100.0	0.15
2026-07-09T12:29:56.366	429	882	595	1141	2925	2856	3310	3644	3923	507	26.8	1019.0	49.91	198567	AS7341	flash	5	100	999	10	100.0	0.15
2026-07-09T12:29:58.357	429	882	595	1141	2923	2854	3307	3641	3920	507	26.81	1019.06	49.91	199893	AS7341	flash	5	100	999	10	100.0	0.15
2026-07-09T12:30:00.352	429	882	595	1140	2922	2852	3305	3640	3918	507	26.81	1019.01	49.92	200258	AS7341	flash	5	100	999	10	100.0	0.15
2026-07-09T12:30:02.341	429	883	595	1140	2920	2849	3303	3638	3917	506	26.81	1019.0	49.91	199772	AS7341	flash	5	100	999	10	100.0	0.15
2026-07-09T12:30:04.431	429	883	595	1140	2920	2849	3303	3638	3917	506	26.81	1019.01	49.91	198328	AS7341	flash	5	100	999	10	100.0	0.15
2026-07-09T12:30:06.411	428	883	595	1139	2917	2847	3300	3635	3915	506	26.83	1019.01	49.94	199288	AS7341	flash	5	100	999	10	100.0	0.15
2026-07-09T12:30:08.407	429	884	595	1139	2916	2845	3298	3634	3913	506	26.83	1019.02	49.92	200746	AS7341	flash	5	100	999	10	100.0	0.15
2026-07-09T12:30:10.389	428	884	595	1139	2915	2845	3298	3634	3913	506	26.83	1018.98	49.94	199893	AS7341	flash	5	100	999	10	100.0	0.15
2026-07-09T12:30:12.377	428	884	595	1139	2914	2843	3296	3633	3912	506	26.83	1018.99	49.93	199893	AS7341	flash	5	100	999	10	100.0	0.15
2026-07-09T12:30:14.361	428	884	595	1138	2913	2841	3294	3631	3909	506	26.83	1018.99	49.92	201730	AS7341	flash	5	100	999	10	100.0	0.15
2026-07-09T12:30:16.349	428	884	595	1138	2911	2840	3292	3629	3908	506	26.84	1019.01	49.93	200868	AS7341	flash	5	100	999	10	100.0	0.15
2026-07-09T12:30:18.341	428	884	595	1138	2910	2839	3291	3629	3906	505	26.84	1019.01	49.94	201730	AS7341	flash	5	100	999	10	100.0	0.15
2026-07-09T12:30:20.336	428	885	595	1138	2908	2836	3288	3625	3903	505	26.85	1018.99	49.95	201977	AS7341	flash	5	100	999	10	100.0	0.15
2026-07-09T12:30:22.423	428	885	595	1137	2908	2835	3287	3625	3903	505	26.84	1019.04	49.96	200014	AS7341	flash	5	100	999	10	100.0	0.15
2026-07-09T12:30:24.408	428	885	595	1137	2906	2833	3285	3623	3901	505	26.85	1019.01	49.97	201483	AS7341	flash	5	100	999	10	100.0	0.15
2026-07-09T12:30:26.396	428	885	595	1137	2905	2833	3285	3623	3900	505	26.86	1018.98	49.98	201360	AS7341	flash	5	100	999	10	100.0	0.15
2026-07-09T12:30:28.390	428	885	595	1136	2905	2831	3283	3622	3899	505	26.86	1019.01	49.98	202225	AS7341	flash	5	100	999	10	100.0	0.15
2026-07-09T12:30:30.388	428	886	595	1137	2904	2830	3282	3621	3898	505	26.86	1018.99	49.98	201483	AS7341	flash	5	100	999	10	100.0	0.15
2026-07-09T12:30:32.374	428	886	595	1136	2904	2829	3281	3620	3898	505	26.88	1019.02	49.99	201977	AS7341	flash	5	100	999	10	100.0	0.15
2026-07-09T12:30:34.368	427	885	595	1136	2902	2827	3278	3618	3896	504	26.88	1019.02	49.99	202848	AS7341	flash	5	100	999	10	100.0	0.15
2026-07-09T12:30:36.359	427	886	595	1135	2900	2826	3277	3616	3894	504	26.87	1019.0	50.02	201853	AS7341	flash	5	100	999	10	100.0	0.15
2026-07-09T12:30:38.345	427	886	595	1135	2900	2826	3277	3616	3894	504	26.88	1019.03	50.01	202225	AS7341	flash	5	100	999	10	100.0	0.15
2026-07-09T12:30:40.331	427	886	595	1135	2899	2825	3276	3616	3894	504	26.89	1018.99	50.03	203098	AS7341	flash	5	100	999	10	100.0	0.15
2026-07-09T12:30:42.420	427	886	595	1135	2899	2825	3276	3616	3893	504	26.87	1019.01	50.04	202225	AS7341	flash	5	100	999	10	100.0	0.15
2026-07-09T12:30:44.417	427	886	595	1135	2898	2824	3274	3615	3892	504	26.88	1019.01	50.05	201853	AS7341	flash	5	100	999	10	100.0	0.15
2026-07-09T12:30:46.412	427	886	595	1134	2897	2823	3273	3613	3891	504	26.89	1019.01	50.05	203474	AS7341	flash	5	100	999	10	100.0	0.15
2026-07-09T12:30:48.394	427	887	595	1134	2896	2821	3272	3612	3890	504	26.89	1018.98	50.07	202848	AS7341	flash	5	100	999	10	100.0	0.15
2026-07-09T12:30:50.380	427	887	595	1134	2895	2819	3270	3611	3888	503	26.89	1018.99	50.06	202598	AS7341	flash	5	100	999	10	100.0	0.15
2026-07-09T12:30:52.362	427	887	595	1134	2893	2819	3268	3610	3886	503	26.9	1019.0	50.08	203979	AS7341	flash	5	100	999	10	100.0	0.15
2026-07-09T12:30:54.355	427	887	595	1133	2893	2818	3267	3608	3885	503	26.9	1018.99	50.08	203223	AS7341	flash	5	100	999	10	100.0	0.15
2026-07-09T12:30:56.340	427	887	595	1133	2892	2817	3266	3608	3885	503	26.9	1019.0	50.08	202973	AS7341	flash	5	100	999	10	100.0	0.15
2026-07-09T12:30:58.336	427	887	595	1133	2891	2816	3265	3607	3883	503	26.91	1019.0	50.08	203223	AS7341	flash	5	100	999	10	100.0	0.15
2026-07-09T12:31:00.427	427	888	595	1133	2890	2815	3264	3606	3882	503	26.9	1019.02	50.11	203098	AS7341	flash	5	100	999	10	100.0	0.15
2026-07-09T12:31:02.425	427	888	595	1132	2888	2814	3262	3604	3880	503	26.9	1019.01	50.12	203726	AS7341	flash	5	100	999	10	100.0	0.15
2026-07-09T12:31:04.416	427	888	595	1132	2887	2813	3261	3603	3880	503	26.92	1018.97	50.14	202973	AS7341	flash	5	100	999	10	100.0	0.15
2026-07-09T12:31:06.406	426	888	595	1132	2887	2812	3260	3603	3880	503	26.92	1019.0	50.14	203726	AS7341	flash	5	100	999	10	100.0	0.15
2026-07-09T12:31:08.391	426	888	595	1131	2886	2810	3258	3602	3878	503	26.93	1019.0	50.14	203223	AS7341	flash	5	100	999	10	100.0	0.15
2026-07-09T12:31:10.381	426	888	595	1131	2884	2809	3257	3601	3877	502	26.92	1019.01	50.14	204612	AS7341	flash	5	100	999	10	100.0	0.15
2026-07-09T12:31:12.369	426	889	595	1131	2883	2808	3256	3600	3876	502	26.93	1019.04	50.16	204994	AS7341	flash	5	100	999	10	100.0	0.15
2026-07-09T12:31:14.352	426	889	595	1131	2883	2807	3255	3599	3876	502	26.93	1019.01	50.17	204867	AS7341	flash	5	100	999	10	100.0	0.15
2026-07-09T12:31:16.343	426	888	595	1130	2882	2806	3254	3597	3874	502	26.93	1019.0	50.16	204485	AS7341	flash	5	100	999	10	100.0	0.15
2026-07-09T12:31:18.432	426	889	595	1131	2882	2807	3254	3599	3875	502	26.93	1019.01	50.18	204358	AS7341	flash	5	100	999	10	100.0	0.15
2026-07-09T12:31:20.424	426	889	595	1130	2882	2805	3253	3598	3873	502	26.93	1018.99	50.18	203726	AS7341	flash	5	100	999	10	100.0	0.15
2026-07-09T12:31:22.407	426	889	595	1130	2881	2804	3251	3596	3872	502	26.93	1019.01	50.21	204358	AS7341	flash	5	100	999	10	100.0	0.15
2026-07-09T12:31:24.398	426	889	595	1130	2880	2803	3250	3595	3870	502	26.94	1019.0	50.22	204485	AS7341	flash	5	100	999	10	100.0	0.15
2026-07-09T12:31:26.389	426	890	595	1129	2878	2801	3248	3594	3869	502	26.94	1019.0	50.22	204105	AS7341	flash	5	100	999	10	100.0	0.15
2026-07-09T12:31:28.380	426	890	595	1129	2877	2800	3247	3593	3868	502	26.94	1019.01	50.25	204739	AS7341	flash	5	100	999	10	100.0	0.15
2026-07-09T12:31:30.369	426	890	595	1129	2876	2799	3245	3591	3866	501	26.95	1019.01	50.25	204485	AS7341	flash	5	100	999	10	100.0	0.15
2026-07-09T12:31:32.355	426	890	595	1128	2876	2798	3245	3592	3866	501	26.95	1018.99	50.26	204994	AS7341	flash	5	100	999	10	100.0	0.15
2026-07-09T12:31:34.341	426	890	595	1128	2874	2796	3243	3590	3864	501	26.95	1019.0	50.26	204867	AS7341	flash	5	100	999	10	100.0	0.15
2026-07-09T12:31:36.433	426	891	595	1128	2874	2797	3243	3590	3865	501	26.95	1019.0	50.28	204739	AS7341	flash	5	100	999	10	100.0	0.15
2026-07-09T12:31:38.419	426	891	595	1128	2874	2796	3242	3590	3864	501	26.95	1019.0	50.27	204867	AS7341	flash	5	100	999	10	100.0	0.15
2026-07-09T12:31:40.410	426	891	595	1127	2872	2794	3240	3588	3862	501	26.96	1019.01	50.29	204739	AS7341	flash	5	100	999	10	100.0	0.15
2026-07-09T12:31:42.393	426	891	595	1127	2870	2792	3238	3586	3860	501	26.96	1019.01	50.28	205763	AS7341	flash	5	100	999	10	100.0	0.15
2026-07-09T12:31:44.377	426	891	595	1127	2870	2792	3238	3586	3860	501	26.96	1018.99	50.29	206020	AS7341	flash	5	100	999	10	100.0	0.15
2026-07-09T12:31:46.365	425	891	595	1127	2868	2790	3236	3584	3859	501	26.97	1019.03	50.29	205763	AS7341	flash	5	100	999	10	100.0	0.15
2026-07-09T12:31:48.359	425	891	595	1126	2868	2790	3236	3584	3859	501	26.96	1019.01	50.3	205763	AS7341	flash	5	100	999	10	100.0	0.15
2026-07-09T12:31:50.346	426	892	595	1127	2868	2789	3236	3584	3859	501	26.96	1019.02	50.33	206149	AS7341	flash	5	100	999	10	100.0	0.15
2026-07-09T12:31:52.332	425	891	595	1126	2867	2789	3235	3583	3858	501	26.97	1019.0	50.33	206149	AS7341	flash	5	100	999	10	100.0	0.15
2026-07-09T12:31:54.421	425	892	595	1126	2867	2788	3235	3583	3857	500	26.96	1019.04	50.34	205891	AS7341	flash	5	100	999	10	100.0	0.15
2026-07-09T12:31:56.407	425	892	595	1126	2866	2787	3233	3582	3856	500	26.97	1019.03	50.35	206278	AS7341	flash	5	100	999	10	100.0	0.15
2026-07-09T12:31:58.392	425	892	595	1126	2866	2787	3234	3581	3856	500	26.97	1019.0	50.37	205506	AS7341	flash	5	100	999	10	100.0	0.15
2026-07-09T12:32:00.384	425	892	595	1126	2864	2785	3231	3580	3855	500	26.98	1019.04	50.38	206667	AS7341	flash	5	100	999	10	100.0	0.15
2026-07-09T12:32:02.367	425	892	595	1126	2865	2786	3233	3581	3856	500	26.98	1019.02	50.39	206149	AS7341	flash	5	100	999	10	100.0	0.15
2026-07-09T12:32:04.349	425	892	595	1125	2864	2785	3231	3580	3854	500	26.98	1019.01	50.39	206796	AS7341	flash	5	100	999	10	100.0	0.15
2026-07-09T12:32:06.331	425	892	595	1125	2862	2783	3230	3578	3852	500	26.98	1019.01	50.4	206537	AS7341	flash	5	100	999	10	100.0	0.15
2026-07-09T12:32:08.424	425	892	595	1125	2862	2783	3230	3578	3852	500	26.98	1019.02	50.41	205763	AS7341	flash	5	100	999	10	100.0	0.15
2026-07-09T12:32:10.412	425	893	595	1125	2862	2783	3229	3578	3852	500	27.0	1019.03	50.4	207317	AS7341	flash	5	100	999	10	100.0	0.15
2026-07-09T12:32:12.403	425	893	595	1125	2861	2781	3228	3577	3850	500	26.99	1019.02	50.39	206149	AS7341	flash	5	100	999	10	100.0	0.15
2026-07-09T12:32:14.395	425	893	595	1124	2860	2781	3227	3576	3850	500	27.0	1018.99	50.4	206149	AS7341	flash	5	100	999	10	100.0	0.15
2026-07-09T12:32:16.385	425	893	595	1124	2860	2781	3227	3576	3850	500	27.01	1019.04	50.4	207578	AS7341	flash	5	100	999	10	100.0	0.15
2026-07-09T12:32:18.377	425	893	595	1124	2859	2780	3226	3575	3848	500	27.0	1018.98	50.4	207056	AS7341	flash	5	100	999	10	100.0	0.15
2026-07-09T12:32:20.369	425	893	595	1124	2858	2778	3225	3574	3847	499	27.01	1019.02	50.4	207317	AS7341	flash	5	100	999	10	100.0	0.15
2026-07-09T12:32:22.358	425	893	595	1124	2859	2780	3226	3575	3849	500	27.02	1019.03	50.41	208366	AS7341	flash	5	100	999	10	100.0	0.15
2026-07-09T12:32:24.348	425	893	595	1124	2857	2778	3224	3573	3847	499	27.03	1018.99	50.41	207056	AS7341	flash	5	100	999	10	100.0	0.15
2026-07-09T12:32:26.337	425	893	595	1124	2857	2777	3223	3573	3846	499	27.02	1019.0	50.41	206926	AS7341	flash	5	100	999	10	100.0	0.15
2026-07-09T12:32:28.331	425	894	595	1123	2857	2777	3222	3572	3845	499	27.03	1019.02	50.42	207578	AS7341	flash	5	100	999	10	100.0	0.15
2026-07-09T12:32:30.428	425	894	595	1123	2857	2776	3222	3571	3845	499	27.03	1019.03	50.44	208235	AS7341	flash	5	100	999	10	100.0	0.15
2026-07-09T12:32:32.417	425	894	595	1123	2856	2776	3221	3571	3845	499	27.03	1019.0	50.44	207972	AS7341	flash	5	100	999	10	100.0	0.15
2026-07-09T12:32:34.401	425	894	595	1123	2855	2774	3220	3570	3843	499	27.03	1018.96	50.45	207056	AS7341	flash	5	100	999	10	100.0	0.15
2026-07-09T12:32:36.391	425	894	595	1123	2855	2774	3220	3570	3843	499	27.04	1018.99	50.44	207056	AS7341	flash	5	100	999	10	100.0	0.15
2026-07-09T12:32:38.386	425	894	595	1122	2854	2773	3219	3569	3842	499	27.04	1018.96	50.47	209293	AS7341	flash	5	100	999	10	100.0	0.15
2026-07-09T12:32:40.381	425	894	595	1122	2855	2774	3219	3570	3843	499	27.05	1018.99	50.47	208366	AS7341	flash	5	100	999	10	100.0	0.15
2026-07-09T12:32:42.374	425	894	595	1122	2853	2772	3217	3568	3841	499	27.04	1019.0	50.46	207448	AS7341	flash	5	100	999	10	100.0	0.15
2026-07-09T12:32:44.367	424	894	595	1122	2853	2772	3217	3568	3841	499	27.04	1019.0	50.48	208235	AS7341	flash	5	100	999	10	100.0	0.15
2026-07-09T12:32:46.354	424	895	595	1122	2852	2771	3217	3568	3840	499	27.05	1019.02	50.5	208895	AS7341	flash	5	100	999	10	100.0	0.15
2026-07-09T12:32:48.336	424	894	595	1122	2851	2770	3215	3566	3839	499	27.05	1019.03	50.5	208895	AS7341	flash	5	100	999	10	100.0	0.15
2026-07-09T12:32:50.429	425	895	596	1122	2852	2771	3216	3568	3840	499	27.04	1018.98	50.52	208366	AS7341	flash	5	100	999	10	100.0	0.15
2026-07-09T12:32:52.420	424	895	595	1121	2850	2769	3214	3566	3838	499	27.06	1019.0	50.52	208895	AS7341	flash	5	100	999	10	100.0	0.15
2026-07-09T12:32:54.403	424	895	595	1121	2850	2768	3213	3565	3837	499	27.05	1019.02	50.54	208895	AS7341	flash	5	100	999	10	100.0	0.15
2026-07-09T12:32:56.389	424	895	595	1121	2849	2767	3213	3564	3837	498	27.06	1019.02	50.54	208366	AS7341	flash	5	100	999	10	100.0	0.15
2026-07-09T12:32:58.380	424	895	595	1121	2849	2767	3212	3564	3837	498	27.06	1019.01	50.53	209426	AS7341	flash	5	100	999	10	100.0	0.15
2026-07-09T12:33:00.370	424	895	595	1121	2848	2766	3211	3563	3836	498	27.06	1019.01	50.54	208366	AS7341	flash	5	100	999	10	100.0	0.15
2026-07-09T12:33:02.361	424	895	595	1121	2847	2766	3211	3562	3836	498	27.06	1019.03	50.54	208235	AS7341	flash	5	100	999	10	100.0	0.15
2026-07-09T12:33:04.350	424	895	595	1121	2847	2766	3211	3563	3836	498	27.07	1019.03	50.55	209693	AS7341	flash	5	100	999	10	100.0	0.15
2026-07-09T12:33:06.332	424	895	595	1120	2846	2764	3209	3561	3834	498	27.07	1018.97	50.57	209426	AS7341	flash	5	100	999	10	100.0	0.15
2026-07-09T12:33:08.426	424	895	595	1121	2846	2765	3210	3562	3834	498	27.07	1019.02	50.57	208235	AS7341	flash	5	100	999	10	100.0	0.15
2026-07-09T12:33:10.420	424	895	595	1121	2845	2763	3208	3560	3832	498	27.08	1019.01	50.58	209560	AS7341	flash	5	100	999	10	100.0	0.15
2026-07-09T12:33:12.401	424	896	595	1120	2845	2763	3208	3561	3833	498	27.08	1019.02	50.59	208763	AS7341	flash	5	100	999	10	100.0	0.15
2026-07-09T12:33:14.386	424	896	595	1120	2846	2764	3209	3562	3834	498	27.08	1019.02	50.59	209426	AS7341	flash	5	100	999	10	100.0	0.15
2026-07-09T12:33:16.376	424	896	596	1120	2845	2764	3209	3562	3834	498	27.08	1018.98	50.6	209560	AS7341	flash	5	100	999	10	100.0	0.15
2026-07-09T12:33:18.361	424	896	596	1120	2844	2762	3207	3559	3832	498	27.08	1019.0	50.61	209560	AS7341	flash	5	100	999	10	100.0	0.15
2026-07-09T12:33:20.345	424	896	595	1121	2844	2762	3207	3560	3832	498	27.08	1019.03	50.63	209426	AS7341	flash	5	100	999	10	100.0	0.15
2026-07-09T12:33:22.335	424	896	595	1120	2843	2761	3206	3559	3831	498	27.08	1019.04	50.63	210767	AS7341	flash	5	100	999	10	100.0	0.15
2026-07-09T12:33:24.429	424	896	595	1121	2844	2761	3207	3560	3832	498	27.08	1019.02	50.66	209960	AS7341	flash	5	100	999	10	100.0	0.15
2026-07-09T12:33:26.420	424	896	596	1120	2843	2760	3206	3559	3830	499	27.08	1019.02	50.67	208895	AS7341	flash	5	100	999	10	100.0	0.15
2026-07-09T12:33:28.410	424	896	595	1119	2842	2760	3205	3558	3830	498	27.09	1019.03	50.67	209160	AS7341	flash	5	100	999	10	100.0	0.15
2026-07-09T12:33:30.400	424	896	595	1119	2840	2758	3203	3556	3828	498	27.1	1019.01	50.7	209028	AS7341	flash	5	100	999	10	100.0	0.15
2026-07-09T12:33:32.382	424	896	595	1118	2840	2758	3203	3557	3828	498	27.1	1018.98	50.71	209693	AS7341	flash	5	100	999	10	100.0	0.15
2026-07-09T12:33:34.378	424	897	595	1120	2839	2758	3202	3556	3827	497	27.1	1019.03	50.69	208498	AS7341	flash	5	100	999	10	100.0	0.15
2026-07-09T12:33:36.365	424	897	595	1119	2839	2757	3201	3555	3826	497	27.12	1019.04	50.7	209827	AS7341	flash	5	100	999	10	100.0	0.15
2026-07-09T12:33:38.348	424	897	595	1119	2838	2757	3201	3555	3826	497	27.12	1019.04	50.73	209160	AS7341	flash	5	100	999	10	100.0	0.15
2026-07-09T12:33:40.335	424	897	596	1119	2839	2756	3201	3555	3826	497	27.12	1019.02	50.73	210363	AS7341	flash	5	100	999	10	100.0	0.15
2026-07-09T12:33:42.422	424	897	596	1118	2838	2757	3200	3555	3826	497	27.12	1019.05	50.73	209293	AS7341	flash	5	100	999	10	100.0	0.15
2026-07-09T12:33:44.409	424	897	596	1119	2837	2755	3199	3553	3825	497	27.13	1019.05	50.74	209028	AS7341	flash	5	100	999	10	100.0	0.15
2026-07-09T12:33:46.401	424	897	595	1119	2836	2755	3198	3553	3823	497	27.13	1019.07	50.76	209693	AS7341	flash	5	100	999	10	100.0	0.15
2026-07-09T12:33:48.395	424	897	596	1119	2836	2754	3198	3553	3823	497	27.13	1019.04	50.75	209160	AS7341	flash	5	100	999	10	100.0	0.15
2026-07-09T12:33:50.391	424	897	596	1118	2835	2753	3196	3551	3822	497	27.14	1019.04	50.76	209693	AS7341	flash	5	100	999	10	100.0	0.15
2026-07-09T12:33:52.378	423	897	595	1118	2834	2753	3196	3551	3822	497	27.14	1019.03	50.76	210497	AS7341	flash	5	100	999	10	100.0	0.15
2026-07-09T12:33:54.364	423	897	595	1118	2835	2753	3196	3551	3822	497	27.15	1019.07	50.76	210094	AS7341	flash	5	100	999	10	100.0	0.15
2026-07-09T12:33:56.345	424	898	596	1118	2833	2752	3195	3550	3820	497	27.15	1019.04	50.76	211851	AS7341	flash	5	100	999	10	100.0	0.15
2026-07-09T12:33:58.434	423	898	596	1118	2833	2752	3195	3550	3821	497	27.15	1019.05	50.78	209693	AS7341	flash	5	100	999	10	100.0	0.15
2026-07-09T12:34:00.420	424	898	596	1118	2834	2752	3195	3552	3822	498	27.15	1019.05	50.8	210767	AS7341	flash	5	100	999	10	100.0	0.15
2026-07-09T12:34:02.411	424	898	596	1118	2833	2751	3195	3551	3821	497	27.15	1019.05	50.79	209827	AS7341	flash	5	100	999	10	100.0	0.15
2026-07-09T12:34:04.405	423	898	596	1117	2832	2751	3194	3550	3820	497	27.15	1019.06	50.8	209960	AS7341	flash	5	100	999	10	100.0	0.15
2026-07-09T12:34:06.392	423	898	596	1117	2831	2750	3193	3549	3819	498	27.16	1019.02	50.82	210094	AS7341	flash	5	100	999	10	100.0	0.15
2026-07-09T12:34:08.378	423	898	596	1117	2830	2749	3192	3548	3818	497	27.16	1019.03	50.82	210902	AS7341	flash	5	100	999	10	100.0	0.15
2026-07-09T12:34:10.368	423	898	595	1117	2831	2749	3192	3548	3818	498	27.16	1019.04	50.83	210632	AS7341	flash	5	100	999	10	100.0	0.15
2026-07-09T12:34:12.355	423	899	596	1117	2830	2748	3191	3548	3818	497	27.17	1019.01	50.84	209693	AS7341	flash	5	100	999	10	100.0	0.15
2026-07-09T12:34:14.345	423	899	596	1117	2830	2748	3191	3548	3817	498	27.17	1019.05	50.85	211307	AS7341	flash	5	100	999	10	100.0	0.15
2026-07-09T12:34:16.334	423	899	596	1117	2829	2747	3190	3547	3816	496	27.17	1019.03	50.87	209960	AS7341	flash	5	100	999	10	100.0	0.15
2026-07-09T12:34:18.426	423	899	596	1117	2829	2747	3190	3547	3817	498	27.17	1019.0	50.87	211307	AS7341	flash	5	100	999	10	100.0	0.15
2026-07-09T12:34:20.412	423	899	596	1117	2829	2746	3189	3546	3816	496	27.18	1019.01	50.88	210497	AS7341	flash	5	100	999	10	100.0	0.15
2026-07-09T12:34:22.401	423	899	596	1116	2829	2745	3189	3546	3815	497	27.19	1019.02	50.86	210632	AS7341	flash	5	100	999	10	100.0	0.15
2026-07-09T12:34:24.393	423	899	596	1116	2828	2745	3188	3545	3814	496	27.19	1019.01	50.88	211307	AS7341	flash	5	100	999	10	100.0	0.15
2026-07-09T12:34:26.378	423	899	596	1116	2828	2746	3189	3546	3816	496	27.19	1019.02	50.89	211037	AS7341	flash	5	100	999	10	100.0	0.15
2026-07-09T12:34:28.363	423	899	596	1116	2827	2744	3187	3545	3814	497	27.19	1019.03	50.9	211988	AS7341	flash	5	100	999	10	100.0	0.15
2026-07-09T12:34:30.350	423	900	596	1116	2827	2744	3187	3545	3814	497	27.19	1019.02	50.92	210902	AS7341	flash	5	100	999	10	100.0	0.15
2026-07-09T12:34:32.338	423	899	596	1115	2826	2743	3186	3543	3812	497	27.19	1019.03	50.93	211851	AS7341	flash	5	100	999	10	100.0	0.15
2026-07-09T12:34:34.430	423	900	596	1116	2827	2743	3186	3544	3813	497	27.19	1019.03	50.93	209693	AS7341	flash	5	100	999	10	100.0	0.15
2026-07-09T12:34:36.415	423	900	596	1116	2826	2742	3185	3544	3812	496	27.2	1019.07	50.96	209693	AS7341	flash	5	100	999	10	100.0	0.15
2026-07-09T12:34:38.404	423	899	596	1115	2825	2741	3184	3542	3810	496	27.19	1019.03	50.95	211172	AS7341	flash	5	100	999	10	100.0	0.15
2026-07-09T12:34:40.389	423	899	596	1115	2824	2740	3184	3542	3810	497	27.19	1019.02	50.97	212124	AS7341	flash	5	100	999	10	100.0	0.15
2026-07-09T12:34:42.371	423	900	596	1115	2824	2740	3183	3542	3810	496	27.2	1019.04	50.97	211172	AS7341	flash	5	100	999	10	100.0	0.15
2026-07-09T12:34:44.357	423	900	596	1115	2823	2740	3183	3541	3810	497	27.21	1019.03	50.98	210902	AS7341	flash	5	100	999	10	100.0	0.15
2026-07-09T12:34:46.351	423	900	596	1115	2823	2739	3183	3541	3809	497	27.2	1019.04	50.99	210497	AS7341	flash	5	100	999	10	100.0	0.15
2026-07-09T12:34:48.353	423	900	596	1114	2823	2738	3182	3540	3809	497	27.21	1019.03	50.99	210767	AS7341	flash	5	100	999	10	100.0	0.15
2026-07-09T12:34:50.343	423	900	596	1114	2822	2738	3181	3540	3809	496	27.21	1019.01	51.01	211443	AS7341	flash	5	100	999	10	100.0	0.15
2026-07-09T12:34:52.333	423	900	596	1114	2822	2738	3181	3540	3809	497	27.21	1019.04	51.02	211851	AS7341	flash	5	100	999	10	100.0	0.15
2026-07-09T12:34:54.428	423	901	596	1114	2821	2737	3180	3539	3808	497	27.2	1019.01	51.03	211037	AS7341	flash	5	100	999	10	100.0	0.15
2026-07-09T12:34:56.424	423	901	596	1115	2822	2737	3181	3540	3809	497	27.21	1019.03	51.05	211443	AS7341	flash	5	100	999	10	100.0	0.15
2026-07-09T12:34:58.408	423	901	596	1114	2820	2736	3179	3538	3806	496	27.21	1019.03	51.05	212124	AS7341	flash	5	100	999	10	100.0	0.15
2026-07-09T12:35:00.393	423	901	596	1114	2818	2734	3177	3536	3805	496	27.21	1019.02	51.07	211988	AS7341	flash	5	100	999	10	100.0	0.15
2026-07-09T12:35:02.383	423	901	596	1114	2819	2735	3177	3537	3805	496	27.22	1019.01	51.06	212124	AS7341	flash	5	100	999	10	100.0	0.15
2026-07-09T12:35:04.373	423	901	596	1113	2818	2734	3176	3536	3805	496	27.22	1019.02	51.08	212124	AS7341	flash	5	100	999	10	100.0	0.15
2026-07-09T12:35:06.365	423	901	596	1113	2818	2734	3176	3536	3805	496	27.22	1019.03	51.09	212124	AS7341	flash	5	100	999	10	100.0	0.15
2026-07-09T12:35:08.353	423	901	596	1113	2818	2734	3177	3537	3805	496	27.22	1019.02	51.09	213223	AS7341	flash	5	100	999	10	100.0	0.15
2026-07-09T12:35:10.343	423	902	596	1114	2818	2733	3176	3537	3805	496	27.23	1019.04	51.1	213361	AS7341	flash	5	100	999	10	100.0	0.15
2026-07-09T12:35:12.429	423	901	596	1113	2817	2733	3175	3536	3804	496	27.22	1019.03	51.11	210902	AS7341	flash	5	100	999	10	100.0	0.15
2026-07-09T12:35:14.427	423	902	596	1113	2817	2733	3176	3536	3804	496	27.23	1019.01	51.12	212124	AS7341	flash	5	100	999	10	100.0	0.15
2026-07-09T12:35:16.418	423	901	596	1113	2815	2731	3174	3535	3802	496	27.23	1019.04	51.13	211037	AS7341	flash	5	100	999	10	100.0	0.15
2026-07-09T12:35:18.407	423	902	596	1113	2816	2731	3174	3535	3803	496	27.24	1019.02	51.15	212809	AS7341	flash	5	100	999	10	100.0	0.15
2026-07-09T12:35:20.390	423	902	596	1113	2815	2731	3174	3534	3802	496	27.24	1019.01	51.15	211307	AS7341	flash	5	100	999	10	100.0	0.15
2026-07-09T12:35:22.373	423	902	596	1113	2815	2731	3173	3534	3802	496	27.24	1019.05	51.16	213361	AS7341	flash	5	100	999	10	100.0	0.15
2026-07-09T12:35:24.368	422	902	596	1112	2814	2729	3172	3533	3800	496	27.25	1019.06	51.17	211579	AS7341	flash	5	100	999	10	100.0	0.15
2026-07-09T12:35:26.357	422	902	596	1112	2813	2728	3171	3532	3799	496	27.24	1019.01	51.18	212672	AS7341	flash	5	100	999	10	100.0	0.15
2026-07-09T12:35:28.352	422	902	596	1112	2813	2729	3171	3533	3800	496	27.25	1019.02	51.19	211851	AS7341	flash	5	100	999	10	100.0	0.15
2026-07-09T12:35:30.446	423	902	596	1112	2813	2729	3172	3533	3801	496	27.24	1019.02	51.2	211307	AS7341	flash	5	100	999	10	100.0	0.15
2026-07-09T12:35:32.431	423	902	596	1112	2812	2728	3171	3532	3800	496	27.24	1019.06	51.22	211579	AS7341	flash	5	100	999	10	100.0	0.15
2026-07-09T12:35:34.417	422	902	596	1112	2811	2726	3169	3531	3798	495	27.25	1019.01	51.22	211443	AS7341	flash	5	100	999	10	100.0	0.15
2026-07-09T12:35:36.412	422	902	596	1112	2811	2726	3169	3531	3798	496	27.25	1019.06	51.22	212398	AS7341	flash	5	100	999	10	100.0	0.15
2026-07-09T12:35:38.400	422	902	596	1111	2811	2726	3168	3531	3798	495	27.25	1019.06	51.24	212535	AS7341	flash	5	100	999	10	100.0	0.15
2026-07-09T12:35:40.388	422	902	596	1111	2810	2726	3168	3530	3797	495	27.24	1019.04	51.25	212124	AS7341	flash	5	100	999	10	100.0	0.15
2026-07-09T12:35:42.380	422	903	596	1111	2811	2726	3169	3531	3798	496	27.25	1019.03	51.26	212809	AS7341	flash	5	100	999	10	100.0	0.15
2026-07-09T12:35:44.368	422	903	596	1111	2810	2726	3169	3531	3798	496	27.25	1019.02	51.28	211579	AS7341	flash	5	100	999	10	100.0	0.15
2026-07-09T12:35:46.357	422	903	596	1111	2808	2724	3166	3528	3795	495	27.25	1019.04	51.29	211851	AS7341	flash	5	100	999	10	100.0	0.15
2026-07-09T12:35:48.450	422	903	596	1111	2809	2725	3167	3530	3796	495	27.24	1019.05	51.32	212672	AS7341	flash	5	100	999	10	100.0	0.15
2026-07-09T12:35:50.431	422	903	596	1111	2808	2724	3166	3529	3795	495	27.25	1019.06	51.34	211851	AS7341	flash	5	100	999	10	100.0	0.15
2026-07-09T12:35:52.426	422	903	596	1110	2808	2723	3165	3528	3794	495	27.25	1019.06	51.33	212809	AS7341	flash	5	100	999	10	100.0	0.15
2026-07-09T12:35:54.416	422	903	596	1110	2807	2723	3165	3528	3794	495	27.25	1019.04	51.34	211579	AS7341	flash	5	100	999	10	100.0	0.15
2026-07-09T12:35:56.401	422	903	596	1110	2807	2722	3165	3528	3794	495	27.25	1019.05	51.35	212535	AS7341	flash	5	100	999	10	100.0	0.15
2026-07-09T12:35:58.383	422	903	596	1110	2807	2723	3165	3528	3794	495	27.26	1019.04	51.36	212672	AS7341	flash	5	100	999	10	100.0	0.15
2026-07-09T12:36:00.368	422	903	596	1110	2806	2721	3164	3527	3792	495	27.25	1019.03	51.37	213499	AS7341	flash	5	100	999	10	100.0	0.15
2026-07-09T12:36:02.351	422	903	596	1110	2806	2721	3163	3527	3792	495	27.26	1019.06	51.38	211851	AS7341	flash	5	100	999	10	100.0	0.15
2026-07-09T12:36:04.435	422	903	596	1110	2807	2721	3165	3528	3793	495	27.25	1019.04	51.4	212672	AS7341	flash	5	100	999	10	100.0	0.15
2026-07-09T12:36:06.417	422	903	596	1110	2805	2721	3163	3527	3792	495	27.26	1019.04	51.41	213499	AS7341	flash	5	100	999	10	100.0	0.15
2026-07-09T12:36:08.403	422	903	596	1110	2805	2721	3164	3527	3793	495	27.26	1019.06	51.41	213223	AS7341	flash	5	100	999	10	100.0	0.15
2026-07-09T12:36:10.396	422	904	596	1110	2806	2722	3164	3528	3794	495	27.26	1019.05	51.43	213223	AS7341	flash	5	100	999	10	100.0	0.15
2026-07-09T12:36:12.381	422	903	596	1110	2804	2719	3162	3526	3791	495	27.26	1019.07	51.44	213776	AS7341	flash	5	100	999	10	100.0	0.15
2026-07-09T12:36:14.370	422	904	596	1110	2804	2719	3162	3526	3792	495	27.25	1019.06	51.46	213915	AS7341	flash	5	100	999	10	100.0	0.15
2026-07-09T12:36:16.365	422	904	596	1110	2804	2719	3162	3526	3791	495	27.26	1019.06	51.46	213638	AS7341	flash	5	100	999	10	100.0	0.15
2026-07-09T12:36:18.350	422	904	595	1109	2803	2719	3161	3525	3790	495	27.25	1019.01	51.48	213223	AS7341	flash	5	100	999	10	100.0	0.15
2026-07-09T12:36:20.440	422	904	596	1109	2804	2719	3162	3526	3791	495	27.25	1019.05	51.5	213085	AS7341	flash	5	100	999	10	100.0	0.15
2026-07-09T12:36:22.433	422	904	596	1109	2804	2719	3162	3527	3791	495	27.25	1019.03	51.51	212398	AS7341	flash	5	100	999	10	100.0	0.15
2026-07-09T12:36:24.427	422	904	596	1109	2803	2718	3160	3525	3790	495	27.26	1019.04	51.53	213361	AS7341	flash	5	100	999	10	100.0	0.15
2026-07-09T12:36:26.414	422	904	595	1109	2801	2717	3159	3524	3788	495	27.26	1019.03	51.54	213223	AS7341	flash	5	100	999	10	100.0	0.15
2026-07-09T12:36:28.408	422	904	596	1109	2802	2717	3159	3524	3789	495	27.26	1019.05	51.55	212672	AS7341	flash	5	100	999	10	100.0	0.15
2026-07-09T12:36:30.393	422	904	595	1109	2801	2716	3159	3524	3788	495	27.26	1019.04	51.56	214333	AS7341	flash	5	100	999	10	100.0	0.15
2026-07-09T12:36:32.377	422	904	596	1109	2801	2716	3159	3524	3788	495	27.26	1019.03	51.56	214333	AS7341	flash	5	100	999	10	100.0	0.15
2026-07-09T12:36:34.360	422	904	595	1109	2800	2715	3157	3522	3787	494	27.26	1019.03	51.57	214054	AS7341	flash	5	100	999	10	100.0	0.15
2026-07-09T12:36:36.451	422	905	596	1109	2801	2715	3158	3524	3788	495	27.25	1019.04	51.57	212947	AS7341	flash	5	100	999	10	100.0	0.15
2026-07-09T12:36:38.444	422	905	595	1109	2799	2714	3157	3523	3786	494	27.26	1019.05	51.61	211851	AS7341	flash	5	100	999	10	100.0	0.15
2026-07-09T12:36:40.432	422	904	595	1108	2800	2715	3157	3523	3787	494	27.26	1019.07	51.62	214193	AS7341	flash	5	100	999	10	100.0	0.15
2026-07-09T12:36:42.426	422	905	595	1108	2799	2715	3158	3523	3787	495	27.26	1019.04	51.63	213223	AS7341	flash	5	100	999	10	100.0	0.15
2026-07-09T12:36:44.406	422	904	595	1108	2798	2713	3156	3522	3785	494	27.26	1019.06	51.64	214193	AS7341	flash	5	100	999	10	100.0	0.15
2026-07-09T12:36:46.405	422	905	595	1108	2799	2714	3157	3523	3787	495	27.26	1019.06	51.65	214333	AS7341	flash	5	100	999	10	100.0	0.15
2026-07-09T12:36:48.388	422	904	596	1107	2797	2711	3154	3520	3784	494	27.25	1019.05	51.66	213499	AS7341	flash	5	100	999	10	100.0	0.15
2026-07-09T12:36:50.380	422	905	595	1107	2797	2712	3154	3520	3784	494	27.26	1019.05	51.67	214193	AS7341	flash	5	100	999	10	100.0	0.15
2026-07-09T12:36:52.371	422	905	595	1107	2798	2712	3154	3521	3784	494	27.26	1019.04	51.68	214054	AS7341	flash	5	100	999	10	100.0	0.15
2026-07-09T12:36:54.356	422	905	595	1107	2797	2711	3154	3521	3784	494	27.25	1019.04	51.69	212809	AS7341	flash	5	100	999	10	100.0	0.15
2026-07-09T12:36:56.448	422	905	595	1108	2799	2712	3155	3522	3785	494	27.25	1019.04	51.72	213499	AS7341	flash	5	100	999	10	100.0	0.15
2026-07-09T12:36:58.431	422	905	595	1108	2797	2711	3154	3521	3784	494	27.26	1019.06	51.73	214333	AS7341	flash	5	100	999	10	100.0	0.15
2026-07-09T12:37:00.427	422	905	595	1107	2797	2710	3153	3520	3783	494	27.26	1019.07	51.74	212809	AS7341	flash	5	100	999	10	100.0	0.15
2026-07-09T12:37:02.413	422	905	595	1107	2796	2710	3154	3520	3782	494	27.26	1019.03	51.74	214193	AS7341	flash	5	100	999	10	100.0	0.15
2026-07-09T12:37:04.396	422	905	595	1107	2796	2710	3153	3520	3783	494	27.27	1019.08	51.75	214472	AS7341	flash	5	100	999	10	100.0	0.15
2026-07-09T12:37:06.381	422	905	595	1107	2796	2710	3153	3520	3783	494	27.26	1019.07	51.75	214333	AS7341	flash	5	100	999	10	100.0	0.15
2026-07-09T12:37:08.368	422	905	595	1107	2795	2709	3152	3519	3782	494	27.25	1019.03	51.76	213223	AS7341	flash	5	100	999	10	100.0	0.15
2026-07-09T12:37:10.359	422	905	595	1107	2795	2709	3152	3519	3782	494	27.26	1019.06	51.77	214892	AS7341	flash	5	100	999	10	100.0	0.15
2026-07-09T12:37:12.447	422	906	595	1107	2796	2709	3153	3519	3782	494	27.25	1019.1	51.79	212535	AS7341	flash	5	100	999	10	100.0	0.15
2026-07-09T12:37:14.435	422	905	595	1106	2794	2708	3151	3518	3781	494	27.26	1019.04	51.8	214193	AS7341	flash	5	100	999	10	100.0	0.15
2026-07-09T12:37:16.424	421	905	595	1106	2794	2707	3150	3518	3780	494	27.25	1019.06	51.82	213499	AS7341	flash	5	100	999	10	100.0	0.15
2026-07-09T12:37:18.410	421	906	595	1106	2794	2707	3151	3518	3780	494	27.25	1019.06	51.84	213776	AS7341	flash	5	100	999	10	100.0	0.15
2026-07-09T12:37:20.399	422	906	595	1107	2794	2707	3150	3518	3780	494	27.25	1019.06	51.82	214612	AS7341	flash	5	100	999	10	100.0	0.15
2026-07-09T12:37:22.380	422	906	595	1106	2793	2706	3149	3517	3779	494	27.25	1019.07	51.84	214612	AS7341	flash	5	100	999	10	100.0	0.15
2026-07-09T12:37:24.380	421	905	595	1106	2792	2706	3149	3517	3778	494	27.25	1019.03	51.85	214752	AS7341	flash	5	100	999	10	100.0	0.15
2026-07-09T12:37:26.363	422	906	595	1106	2792	2706	3149	3517	3779	494	27.25	1019.05	51.87	214333	AS7341	flash	5	100	999	10	100.0	0.15
2026-07-09T12:37:28.345	421	906	595	1106	2792	2706	3148	3517	3779	494	27.25	1019.05	51.86	214752	AS7341	flash	5	100	999	10	100.0	0.15
2026-07-09T12:37:30.431	422	906	596	1106	2793	2706	3149	3518	3779	494	27.24	1019.06	51.88	213915	AS7341	flash	5	100	999	10	100.0	0.15
2026-07-09T12:37:32.413	421	906	595	1106	2792	2706	3149	3517	3778	494	27.25	1019.02	51.91	214892	AS7341	flash	5	100	999	10	100.0	0.15
2026-07-09T12:37:34.400	421	906	595	1106	2791	2705	3148	3516	3778	494	27.25	1019.05	51.91	213361	AS7341	flash	5	100	999	10	100.0	0.15
2026-07-09T12:37:36.385	421	906	596	1106	2791	2705	3148	3516	3777	494	27.25	1019.04	51.93	213223	AS7341	flash	5	100	999	10	100.0	0.15
2026-07-09T12:37:38.369	421	906	595	1106	2792	2706	3149	3518	3779	494	27.26	1019.04	51.93	214333	AS7341	flash	5	100	999	10	100.0	0.15
2026-07-09T12:37:40.362	421	906	595	1105	2791	2704	3147	3516	3777	494	27.26	1019.06	51.94	214193	AS7341	flash	5	100	999	10	100.0	0.15
2026-07-09T12:37:42.351	421	906	595	1105	2790	2704	3147	3515	3777	493	27.26	1019.04	51.95	215173	AS7341	flash	5	100	999	10	100.0	0.15
2026-07-09T12:37:44.440	421	906	596	1105	2790	2704	3147	3516	3777	494	27.25	1019.03	51.95	213361	AS7341	flash	5	100	999	10	100.0	0.15
2026-07-09T12:37:46.433	421	907	595	1105	2790	2704	3147	3516	3777	494	27.26	1019.07	51.96	215455	AS7341	flash	5	100	999	10	100.0	0.15
2026-07-09T12:37:48.426	421	906	595	1105	2790	2703	3147	3516	3777	494	27.26	1019.04	51.97	214612	AS7341	flash	5	100	999	10	100.0	0.15
2026-07-09T12:37:50.407	421	906	595	1105	2788	2702	3145	3514	3775	493	27.26	1019.02	51.98	214752	AS7341	flash	5	100	999	10	100.0	0.15
2026-07-09T12:37:52.397	421	906	595	1105	2788	2702	3145	3514	3774	493	27.27	1019.07	51.99	215173	AS7341	flash	5	100	999	10	100.0	0.15
2026-07-09T12:37:54.386	421	906	595	1105	2788	2702	3145	3515	3775	493	27.26	1019.05	51.99	214054	AS7341	flash	5	100	999	10	100.0	0.15
2026-07-09T12:37:56.376	421	906	595	1105	2787	2701	3143	3513	3773	493	27.27	1019.03	51.99	214472	AS7341	flash	5	100	999	10	100.0	0.15
2026-07-09T12:37:58.370	421	907	595	1104	2787	2701	3144	3514	3774	493	27.27	1019.05	52.0	215596	AS7341	flash	5	100	999	10	100.0	0.15
2026-07-09T12:38:00.361	421	907	595	1104	2788	2701	3144	3514	3774	493	27.27	1019.03	52.01	214054	AS7341	flash	5	100	999	10	100.0	0.15
2026-07-09T12:38:02.350	421	907	595	1105	2787	2701	3145	3514	3774	493	27.28	1019.08	52.02	214892	AS7341	flash	5	100	999	10	100.0	0.15
2026-07-09T12:38:04.439	421	907	596	1105	2787	2701	3144	3514	3774	493	27.27	1019.06	52.01	214333	AS7341	flash	5	100	999	10	100.0	0.15
2026-07-09T12:38:06.421	421	907	595	1104	2786	2700	3143	3513	3773	493	27.28	1019.05	52.03	214752	AS7341	flash	5	100	999	10	100.0	0.15
2026-07-09T12:38:08.405	421	907	595	1104	2786	2699	3142	3513	3774	493	27.28	1019.03	52.03	214892	AS7341	flash	5	100	999	10	100.0	0.15
2026-07-09T12:38:10.397	421	907	595	1104	2786	2699	3143	3513	3773	493	27.29	1019.02	52.04	213915	AS7341	flash	5	100	999	10	100.0	0.15
2026-07-09T12:38:12.381	421	907	595	1104	2785	2699	3142	3512	3772	493	27.29	1019.05	52.04	215173	AS7341	flash	5	100	999	10	100.0	0.15
2026-07-09T12:38:14.374	421	907	596	1104	2785	2699	3142	3513	3772	493	27.29	1019.05	52.04	213776	AS7341	flash	5	100	999	10	100.0	0.15
2026-07-09T12:38:16.372	421	907	595	1104	2785	2699	3142	3512	3772	493	27.29	1019.04	52.05	213915	AS7341	flash	5	100	999	10	100.0	0.15
2026-07-09T12:38:18.359	421	907	596	1104	2785	2698	3141	3512	3772	493	27.3	1019.09	52.05	214752	AS7341	flash	5	100	999	10	100.0	0.15
2026-07-09T12:38:20.349	421	907	596	1104	2786	2699	3143	3513	3774	493	27.3	1019.06	52.06	215033	AS7341	flash	5	100	999	10	100.0	0.15
2026-07-09T12:38:22.438	421	907	596	1104	2785	2698	3142	3513	3772	493	27.3	1019.05	52.06	214612	AS7341	flash	5	100	999	10	100.0	0.15
2026-07-09T12:38:24.430	421	907	596	1104	2784	2698	3141	3512	3772	493	27.29	1019.03	52.08	215314	AS7341	flash	5	100	999	10	100.0	0.15
2026-07-09T12:38:26.418	421	907	596	1103	2784	2697	3141	3511	3771	493	27.29	1019.02	52.08	215033	AS7341	flash	5	100	999	10	100.0	0.15
2026-07-09T12:38:28.411	421	908	596	1104	2784	2697	3141	3512	3772	493	27.3	1019.06	52.09	214333	AS7341	flash	5	100	999	10	100.0	0.15
2026-07-09T12:38:30.393	421	907	596	1103	2783	2697	3141	3511	3770	493	27.31	1019.05	52.09	214752	AS7341	flash	5	100	999	10	100.0	0.15
2026-07-09T12:38:32.374	421	907	596	1103	2783	2696	3140	3511	3770	493	27.3	1019.04	52.09	215455	AS7341	flash	5	100	999	10	100.0	0.15
2026-07-09T12:38:34.354	421	908	596	1103	2782	2696	3139	3510	3769	493	27.31	1019.0	52.11	213915	AS7341	flash	5	100	999	10	100.0	0.15
2026-07-09T12:38:36.351	421	908	596	1103	2782	2696	3139	3511	3770	493	27.3	1019.06	52.11	215455	AS7341	flash	5	100	999	10	100.0	0.15
2026-07-09T12:38:38.440	421	908	595	1103	2783	2696	3139	3511	3770	493	27.29	1019.04	52.14	214612	AS7341	flash	5	100	999	10	100.0	0.15
2026-07-09T12:38:40.431	421	908	596	1103	2783	2696	3140	3512	3770	493	27.29	1019.07	52.17	213361	AS7341	flash	5	100	999	10	100.0	0.15
2026-07-09T12:38:42.422	421	908	596	1103	2783	2696	3140	3511	3770	493	27.3	1019.06	52.16	215455	AS7341	flash	5	100	999	10	100.0	0.15
2026-07-09T12:38:44.408	421	908	596	1103	2782	2695	3138	3511	3769	493	27.3	1019.06	52.16	215173	AS7341	flash	5	100	999	10	100.0	0.15
2026-07-09T12:38:46.397	421	908	596	1103	2781	2695	3138	3510	3769	493	27.29	1019.04	52.18	214612	AS7341	flash	5	100	999	10	100.0	0.15
2026-07-09T12:38:48.392	421	908	596	1103	2781	2694	3138	3510	3768	493	27.3	1019.04	52.18	214892	AS7341	flash	5	100	999	10	100.0	0.15
2026-07-09T12:38:50.386	421	908	596	1102	2780	2693	3137	3509	3768	493	27.3	1019.05	52.17	215596	AS7341	flash	5	100	999	10	100.0	0.15
2026-07-09T12:38:52.378	421	908	596	1103	2781	2694	3137	3510	3769	493	27.29	1019.05	52.19	215455	AS7341	flash	5	100	999	10	100.0	0.15
2026-07-09T12:38:54.365	421	909	596	1103	2780	2694	3137	3509	3769	493	27.29	1019.04	52.2	214612	AS7341	flash	5	100	999	10	100.0	0.15
2026-07-09T12:38:56.354	421	908	596	1102	2780	2693	3137	3510	3769	493	27.29	1019.05	52.21	215173	AS7341	flash	5	100	999	10	100.0	0.15
2026-07-09T12:38:58.444	421	908	596	1102	2780	2693	3137	3510	3768	493	27.28	1019.04	52.21	215455	AS7341	flash	5	100	999	10	100.0	0.15
2026-07-09T12:39:00.433	421	908	596	1102	2780	2693	3136	3509	3768	493	27.29	1019.04	52.23	216731	AS7341	flash	5	100	999	10	100.0	0.15
2026-07-09T12:39:02.415	421	908	596	1102	2779	2693	3136	3509	3768	493	27.3	1019.03	52.25	215033	AS7341	flash	5	100	999	10	100.0	0.15
2026-07-09T12:39:04.403	421	908	596	1102	2779	2692	3135	3508	3765	492	27.29	1019.01	52.23	216731	AS7341	flash	5	100	999	10	100.0	0.15
2026-07-09T12:39:06.389	421	909	596	1102	2779	2692	3135	3508	3766	493	27.3	1019.04	52.25	215033	AS7341	flash	5	100	999	10	100.0	0.15
2026-07-09T12:39:08.389	421	909	596	1102	2778	2692	3135	3508	3767	492	27.3	1019.02	52.25	215596	AS7341	flash	5	100	999	10	100.0	0.15
2026-07-09T12:39:10.379	421	908	596	1102	2778	2691	3135	3508	3767	493	27.3	1019.05	52.26	216731	AS7341	flash	5	100	999	10	100.0	0.15
2026-07-09T12:39:12.365	421	909	596	1102	2778	2691	3135	3508	3766	492	27.3	1019.02	52.27	214333	AS7341	flash	5	100	999	10	100.0	0.15
2026-07-09T12:39:14.356	421	909	596	1102	2777	2690	3134	3507	3766	492	27.3	1019.05	52.27	215314	AS7341	flash	5	100	999	10	100.0	0.15
2026-07-09T12:39:16.442	421	909	596	1102	2778	2691	3135	3509	3767	492	27.29	1019.03	52.29	214472	AS7341	flash	5	100	999	10	100.0	0.15
2026-07-09T12:39:18.427	421	909	596	1101	2778	2691	3134	3508	3765	492	27.3	1019.03	52.3	215173	AS7341	flash	5	100	999	10	100.0	0.15
2026-07-09T12:39:20.407	421	909	596	1102	2776	2689	3133	3506	3764	492	27.3	1019.03	52.29	215737	AS7341	flash	5	100	999	10	100.0	0.15
2026-07-09T12:39:22.405	421	909	596	1101	2777	2690	3134	3508	3766	492	27.3	1019.03	52.3	215596	AS7341	flash	5	100	999	10	100.0	0.15
2026-07-09T12:39:24.387	421	909	596	1101	2776	2689	3133	3506	3764	492	27.31	1019.02	52.3	216162	AS7341	flash	5	100	999	10	100.0	0.15
2026-07-09T12:39:26.381	421	909	596	1101	2776	2689	3133	3506	3764	492	27.31	1019.07	52.31	216020	AS7341	flash	5	100	999	10	100.0	0.15
2026-07-09T12:39:28.363	421	909	596	1101	2776	2689	3132	3506	3764	492	27.31	1019.06	52.31	216304	AS7341	flash	5	100	999	10	100.0	0.15
2026-07-09T12:39:30.352	421	909	596	1101	2776	2689	3133	3507	3765	492	27.3	1019.04	52.31	214612	AS7341	flash	5	100	999	10	100.0	0.15
2026-07-09T12:39:32.442	421	909	596	1101	2776	2689	3132	3506	3764	492	27.29	1019.03	52.32	214892	AS7341	flash	5	100	999	10	100.0	0.15
2026-07-09T12:39:34.427	421	909	596	1101	2775	2689	3133	3506	3764	492	27.3	1019.01	52.35	214612	AS7341	flash	5	100	999	10	100.0	0.15
2026-07-09T12:39:36.424	421	909	596	1101	2775	2688	3132	3506	3763	492	27.3	1019.04	52.34	216304	AS7341	flash	5	100	999	10	100.0	0.15
2026-07-09T12:39:38.416	421	909	596	1101	2774	2688	3131	3505	3763	492	27.3	1019.03	52.35	215737	AS7341	flash	5	100	999	10	100.0	0.15
2026-07-09T12:39:40.403	421	909	596	1101	2774	2688	3132	3506	3763	492	27.31	1019.05	52.36	215737	AS7341	flash	5	100	999	10	100.0	0.15
2026-07-09T12:39:42.390	421	909	596	1101	2774	2687	3131	3506	3763	492	27.3	1019.03	52.36	215455	AS7341	flash	5	100	999	10	100.0	0.15
2026-07-09T12:39:44.384	421	909	596	1101	2774	2687	3130	3505	3761	492	27.31	1019.04	52.37	215455	AS7341	flash	5	100	999	10	100.0	0.15
2026-07-09T12:39:46.374	421	910	596	1101	2774	2687	3132	3506	3763	492	27.3	1019.06	52.37	216020	AS7341	flash	5	100	999	10	100.0	0.15
2026-07-09T12:39:48.363	421	910	596	1101	2774	2687	3131	3506	3763	492	27.31	1019.03	52.37	216304	AS7341	flash	5	100	999	10	100.0	0.15
2026-07-09T12:39:50.445	421	910	596	1101	2774	2688	3133	3506	3764	492	27.31	1019.05	52.38	216446	AS7341	flash	5	100	999	10	100.0	0.15
2026-07-09T12:39:52.336	421	910	596	1100	2773	2686	3130	3504	3761	492	27.32	1019.03	52.38	215596	AS7341	flash	5	100	999	10	100.0	0.15
2026-07-09T12:39:54.426	421	910	596	1101	2774	2687	3131	3506	3763	492	27.31	1019.06	52.38	215033	AS7341	flash	5	100	999	10	100.0	0.15
2026-07-09T12:39:56.417	420	909	596	1100	2773	2686	3130	3505	3762	492	27.32	1019.01	52.39	216304	AS7341	flash	5	100	999	10	100.0	0.15
2026-07-09T12:39:58.406	421	910	596	1100	2772	2685	3130	3504	3761	492	27.32	1019.06	52.4	216304	AS7341	flash	5	100	999	10	100.0	0.15
2026-07-09T12:40:00.399	421	910	596	1100	2772	2685	3129	3504	3761	492	27.32	1019.07	52.38	214892	AS7341	flash	5	100	999	10	100.0	0.15
2026-07-09T12:40:02.390	420	910	596	1100	2771	2685	3129	3503	3760	492	27.32	1019.06	52.41	215737	AS7341	flash	5	100	999	10	100.0	0.15
2026-07-09T12:40:04.382	421	909	596	1100	2771	2685	3129	3504	3760	492	27.31	1019.05	52.4	217016	AS7341	flash	5	100	999	10	100.0	0.15
2026-07-09T12:40:06.370	421	910	596	1100	2771	2684	3128	3503	3759	492	27.32	1018.99	52.41	215737	AS7341	flash	5	100	999	10	100.0	0.15
2026-07-09T12:40:08.365	421	910	596	1100	2772	2685	3129	3504	3761	492	27.32	1019.01	52.4	216304	AS7341	flash	5	100	999	10	100.0	0.15
2026-07-09T12:40:10.355	421	910	596	1100	2771	2684	3128	3504	3759	492	27.32	1019.02	52.42	215878	AS7341	flash	5	100	999	10	100.0	0.15
2026-07-09T12:40:12.442	421	911	596	1101	2772	2685	3129	3505	3761	492	27.32	1019.03	52.43	216588	AS7341	flash	5	100	999	10	100.0	0.15
2026-07-09T12:40:14.429	421	910	596	1100	2772	2684	3128	3504	3761	492	27.32	1019.06	52.44	215737	AS7341	flash	5	100	999	10	100.0	0.15
2026-07-09T12:40:16.418	421	910	596	1100	2771	2684	3128	3504	3761	492	27.32	1019.01	52.44	215455	AS7341	flash	5	100	999	10	100.0	0.15
2026-07-09T12:40:18.401	421	910	596	1100	2771	2684	3128	3503	3759	492	27.33	1019.04	52.44	215173	AS7341	flash	5	100	999	10	100.0	0.15
2026-07-09T12:40:20.395	421	910	596	1100	2770	2684	3127	3502	3760	492	27.33	1019.06	52.46	216731	AS7341	flash	5	100	999	10	100.0	0.15
2026-07-09T12:40:22.385	421	911	596	1100	2771	2684	3128	3502	3760	492	27.32	1019.01	52.45	216304	AS7341	flash	5	100	999	10	100.0	0.15
2026-07-09T12:40:24.378	421	910	596	1100	2770	2683	3127	3502	3759	492	27.33	1019.04	52.46	215878	AS7341	flash	5	100	999	10	100.0	0.15
2026-07-09T12:40:26.369	421	910	596	1100	2769	2683	3126	3501	3757	492	27.33	1019.02	52.46	216020	AS7341	flash	5	100	999	10	100.0	0.15
2026-07-09T12:40:28.355	421	910	596	1100	2770	2683	3128	3501	3758	492	27.33	1019.04	52.46	215737	AS7341	flash	5	100	999	10	100.0	0.15
2026-07-09T12:40:30.447	421	911	596	1100	2770	2683	3127	3503	3758	492	27.33	1019.05	52.46	216731	AS7341	flash	5	100	999	10	100.0	0.15
2026-07-09T12:40:32.439	421	911	596	1099	2770	2683	3127	3502	3759	492	27.33	1019.04	52.47	216588	AS7341	flash	5	100	999	10	100.0	0.15
2026-07-09T12:40:34.428	420	910	596	1099	2769	2682	3126	3502	3759	492	27.34	1019.06	52.47	216446	AS7341	flash	5	100	999	10	100.0	0.15
2026-07-09T12:40:36.418	420	910	596	1099	2769	2682	3127	3502	3759	492	27.33	1019.04	52.48	216446	AS7341	flash	5	100	999	10	100.0	0.15
2026-07-09T12:40:38.410	420	910	596	1099	2768	2681	3125	3501	3757	492	27.33	1019.06	52.48	217016	AS7341	flash	5	100	999	10	100.0	0.15
2026-07-09T12:40:40.400	420	911	596	1099	2769	2682	3126	3501	3757	492	27.33	1019.03	52.49	217016	AS7341	flash	5	100	999	10	100.0	0.15
2026-07-09T12:40:42.396	420	911	596	1099	2768	2681	3126	3501	3758	492	27.33	1019.04	52.49	217159	AS7341	flash	5	100	999	10	100.0	0.15
2026-07-09T12:40:44.384	421	911	596	1099	2768	2681	3125	3500	3757	492	27.34	1019.06	52.49	215878	AS7341	flash	5	100	999	10	100.0	0.15
2026-07-09T12:40:46.374	420	910	596	1099	2768	2681	3126	3500	3757	492	27.33	1019.02	52.51	217446	AS7341	flash	5	100	999	10	100.0	0.15
2026-07-09T12:40:48.363	420	911	596	1099	2768	2681	3125	3500	3756	492	27.33	1019.03	52.5	217016	AS7341	flash	5	100	999	10	100.0	0.15
2026-07-09T12:40:50.347	420	911	596	1099	2768	2680	3124	3500	3756	491	27.33	1019.02	52.51	216588	AS7341	flash	5	100	999	10	100.0	0.15
2026-07-09T12:40:52.344	420	911	596	1099	2767	2680	3124	3500	3757	491	27.32	1019.03	52.51	216446	AS7341	flash	5	100	999	10	100.0	0.15
2026-07-09T12:40:54.426	421	911	596	1099	2767	2680	3125	3500	3756	492	27.31	1019.01	52.51	217446	AS7341	flash	5	100	999	10	100.0	0.15
2026-07-09T12:40:56.418	420	911	596	1098	2767	2680	3124	3500	3755	491	27.33	1019.04	52.53	216304	AS7341	flash	5	100	999	10	100.0	0.15
2026-07-09T12:40:58.405	420	911	596	1099	2766	2679	3123	3499	3754	491	27.32	1019.01	52.53	217159	AS7341	flash	5	100	999	10	100.0	0.15
2026-07-09T12:41:00.400	420	911	596	1098	2767	2679	3124	3499	3755	491	27.31	1019.03	52.53	217446	AS7341	flash	5	100	999	10	100.0	0.15
2026-07-09T12:41:02.384	420	911	596	1098	2766	2679	3124	3499	3754	491	27.31	1019.06	52.54	217016	AS7341	flash	5	100	999	10	100.0	0.15
2026-07-09T12:41:04.369	420	911	596	1098	2765	2678	3122	3498	3753	491	27.32	1019.05	52.55	217159	AS7341	flash	5	100	999	10	100.0	0.15
2026-07-09T12:41:06.359	420	911	596	1098	2765	2678	3123	3498	3753	491	27.31	1019.03	52.56	216873	AS7341	flash	5	100	999	10	100.0	0.15
2026-07-09T12:41:08.353	420	911	596	1099	2766	2679	3123	3499	3755	491	27.32	1019.01	52.58	215878	AS7341	flash	5	100	999	10	100.0	0.15
2026-07-09T12:41:10.448	420	911	596	1099	2767	2680	3124	3500	3756	491	27.31	1019.04	52.58	216731	AS7341	flash	5	100	999	10	100.0	0.15
2026-07-09T12:41:12.438	420	911	596	1099	2766	2679	3123	3500	3755	491	27.32	1019.03	52.61	217016	AS7341	flash	5	100	999	10	100.0	0.15
2026-07-09T12:41:14.422	420	911	596	1098	2765	2679	3123	3499	3754	491	27.32	1019.05	52.6	217016	AS7341	flash	5	100	999	10	100.0	0.15
2026-07-09T12:41:16.406	420	911	596	1098	2765	2678	3122	3499	3754	491	27.32	1019.02	52.6	215596	AS7341	flash	5	100	999	10	100.0	0.15
2026-07-09T12:41:18.394	420	911	596	1098	2766	2679	3123	3500	3755	491	27.32	1019.04	52.58	216731	AS7341	flash	5	100	999	10	100.0	0.15
2026-07-09T12:41:20.377	420	911	596	1098	2765	2678	3122	3499	3753	491	27.33	1019.02	52.61	217159	AS7341	flash	5	100	999	10	100.0	0.15
2026-07-09T12:41:22.364	420	911	596	1098	2765	2678	3122	3499	3754	491	27.33	1019.03	52.6	217159	AS7341	flash	5	100	999	10	100.0	0.15
2026-07-09T12:41:24.350	420	911	596	1098	2764	2678	3122	3498	3753	491	27.33	1019.02	52.61	217159	AS7341	flash	5	100	999	10	100.0	0.15
2026-07-09T12:41:26.451	420	912	596	1098	2765	2678	3122	3499	3753	491	27.32	1019.01	52.62	216873	AS7341	flash	5	100	999	10	100.0	0.15
2026-07-09T12:41:28.437	420	912	596	1098	2765	2678	3122	3498	3753	491	27.34	1019.05	52.62	216873	AS7341	flash	5	100	999	10	100.0	0.15
2026-07-09T12:41:30.430	420	912	596	1098	2764	2677	3122	3498	3753	491	27.33	1019.0	52.63	217303	AS7341	flash	5	100	999	10	100.0	0.15
2026-07-09T12:41:32.421	420	912	596	1098	2764	2677	3121	3498	3753	491	27.33	1019.01	52.61	217878	AS7341	flash	5	100	999	10	100.0	0.15
2026-07-09T12:41:34.404	420	911	596	1098	2764	2677	3121	3498	3752	491	27.34	1019.04	52.62	216304	AS7341	flash	5	100	999	10	100.0	0.15
2026-07-09T12:41:36.385	420	912	596	1098	2763	2676	3120	3497	3752	491	27.34	1019.02	52.62	216873	AS7341	flash	5	100	999	10	100.0	0.15
2026-07-09T12:41:38.376	420	912	596	1098	2764	2677	3122	3498	3753	491	27.34	1018.99	52.61	217303	AS7341	flash	5	100	999	10	100.0	0.15
2026-07-09T12:41:40.359	420	911	596	1098	2764	2676	3121	3497	3752	491	27.34	1019.04	52.62	218022	AS7341	flash	5	100	999	10	100.0	0.15
2026-07-09T12:41:42.448	420	912	596	1098	2763	2676	3121	3498	3752	491	27.32	1019.02	52.64	215737	AS7341	flash	5	100	999	10	100.0	0.15
2026-07-09T12:41:44.445	420	912	596	1098	2764	2677	3121	3498	3752	491	27.33	1018.98	52.63	217016	AS7341	flash	5	100	999	10	100.0	0.15
2026-07-09T12:41:46.443	420	912	596	1098	2763	2676	3121	3498	3752	491	27.32	1019.05	52.64	217590	AS7341	flash	5	100	999	10	100.0	0.15
2026-07-09T12:41:48.429	420	912	596	1098	2764	2676	3121	3498	3752	491	27.34	1019.04	52.64	216873	AS7341	flash	5	100	999	10	100.0	0.15
2026-07-09T12:41:50.420	420	912	596	1097	2763	2675	3119	3496	3751	491	27.33	1019.04	52.66	218022	AS7341	flash	5	100	999	10	100.0	0.15
2026-07-09T12:41:52.404	420	912	596	1097	2764	2676	3120	3497	3752	491	27.34	1019.04	52.65	216873	AS7341	flash	5	100	999	10	100.0	0.15
2026-07-09T12:41:54.394	420	912	596	1097	2763	2675	3119	3497	3750	491	27.33	1018.99	52.66	218311	AS7341	flash	5	100	999	10	100.0	0.15
2026-07-09T12:41:56.392	420	912	596	1097	2763	2675	3119	3497	3751	491	27.33	1019.04	52.66	217303	AS7341	flash	5	100	999	10	100.0	0.15
2026-07-09T12:41:58.384	420	912	596	1098	2762	2675	3119	3497	3751	491	27.33	1019.03	52.67	218311	AS7341	flash	5	100	999	10	100.0	0.15
2026-07-09T12:42:00.372	420	912	596	1097	2763	2675	3120	3497	3751	491	27.33	1019.0	52.68	217159	AS7341	flash	5	100	999	10	100.0	0.15
2026-07-09T12:42:02.367	420	912	596	1097	2763	2675	3120	3497	3751	491	27.33	1019.01	52.68	218601	AS7341	flash	5	100	999	10	100.0	0.15
2026-07-09T12:42:04.357	420	912	596	1097	2761	2674	3118	3496	3750	491	27.34	1019.05	52.68	217734	AS7341	flash	5	100	999	10	100.0	0.15
2026-07-09T12:42:06.445	420	912	596	1098	2764	2675	3121	3497	3751	491	27.32	1018.97	52.7	217446	AS7341	flash	5	100	999	10	100.0	0.15
2026-07-09T12:42:08.438	420	912	596	1097	2762	2674	3120	3497	3750	491	27.34	1019.02	52.69	217159	AS7341	flash	5	100	999	10	100.0	0.15
2026-07-09T12:42:10.423	420	912	596	1097	2762	2675	3120	3497	3751	491	27.34	1019.02	52.69	217303	AS7341	flash	5	100	999	10	100.0	0.15
2026-07-09T12:42:12.406	420	912	596	1097	2763	2674	3120	3497	3751	491	27.35	1019.0	52.7	218166	AS7341	flash	5	100	999	10	100.0	0.15
2026-07-09T12:42:14.391	420	912	597	1097	2762	2674	3119	3496	3750	491	27.35	1019.0	52.7	216873	AS7341	flash	5	100	999	10	100.0	0.15
2026-07-09T12:42:16.385	420	912	597	1097	2762	2674	3118	3496	3750	491	27.35	1019.04	52.69	218601	AS7341	flash	5	100	999	10	100.0	0.15
2026-07-09T12:42:18.379	420	912	596	1097	2762	2674	3118	3496	3750	491	27.35	1019.0	52.7	216873	AS7341	flash	5	100	999	10	100.0	0.15
2026-07-09T12:42:20.360	420	913	597	1097	2762	2675	3119	3496	3750	491	27.35	1019.0	52.7	218022	AS7341	flash	5	100	999	10	100.0	0.15
2026-07-09T12:42:22.446	420	913	596	1097	2762	2674	3119	3497	3750	491	27.34	1019.02	52.71	215737	AS7341	flash	5	100	999	10	100.0	0.15
2026-07-09T12:42:24.429	420	913	597	1097	2761	2674	3118	3497	3750	491	27.34	1019.02	52.71	217016	AS7341	flash	5	100	999	10	100.0	0.15
2026-07-09T12:42:26.415	420	913	596	1097	2762	2674	3118	3497	3750	491	27.35	1018.98	52.72	217303	AS7341	flash	5	100	999	10	100.0	0.15
2026-07-09T12:42:28.407	420	913	596	1097	2760	2672	3118	3495	3748	491	27.35	1019.02	52.72	218022	AS7341	flash	5	100	999	10	100.0	0.15
2026-07-09T12:42:30.406	420	913	597	1097	2761	2674	3117	3496	3749	491	27.34	1019.01	52.72	218022	AS7341	flash	5	100	999	10	100.0	0.15
2026-07-09T12:42:32.408	420	913	596	1097	2761	2673	3117	3496	3749	491	27.35	1019.02	52.7	218311	AS7341	flash	5	100	999	10	100.0	0.15
2026-07-09T12:42:34.397	420	913	596	1097	2760	2672	3116	3495	3748	491	27.35	1019.0	52.72	218746	AS7341	flash	5	100	999	10	100.0	0.15
2026-07-09T12:42:36.390	420	913	597	1097	2761	2674	3117	3495	3749	491	27.34	1019.0	52.7	217159	AS7341	flash	5	100	999	10	100.0	0.15
2026-07-09T12:42:38.374	420	913	596	1097	2761	2673	3118	3496	3749	491	27.35	1019.0	52.7	217878	AS7341	flash	5	100	999	10	100.0	0.15
2026-07-09T12:42:40.364	420	913	596	1097	2760	2673	3118	3495	3749	491	27.35	1019.02	52.7	217446	AS7341	flash	5	100	999	10	100.0	0.15
2026-07-09T12:42:42.350	420	913	596	1097	2760	2672	3116	3495	3748	491	27.35	1019.04	52.72	217590	AS7341	flash	5	100	999	10	100.0	0.15
2026-07-09T12:42:44.443	420	913	597	1097	2760	2672	3116	3495	3748	491	27.34	1018.97	52.73	217734	AS7341	flash	5	100	999	10	100.0	0.15
2026-07-09T12:42:46.423	420	913	596	1096	2760	2672	3117	3495	3748	491	27.35	1018.98	52.74	218166	AS7341	flash	5	100	999	10	100.0	0.15
2026-07-09T12:42:48.410	420	913	597	1097	2760	2672	3118	3495	3748	491	27.35	1019.01	52.74	217016	AS7341	flash	5	100	999	10	100.0	0.15
2026-07-09T12:42:50.396	420	913	597	1097	2760	2672	3117	3495	3748	491	27.35	1019.0	52.75	217159	AS7341	flash	5	100	999	10	100.0	0.15
2026-07-09T12:42:52.391	420	913	597	1096	2760	2672	3116	3495	3748	491	27.35	1019.05	52.76	218891	AS7341	flash	5	100	999	10	100.0	0.15
2026-07-09T12:42:54.378	420	913	597	1096	2760	2672	3116	3495	3748	491	27.34	1018.99	52.75	218456	AS7341	flash	5	100	999	10	100.0	0.15
2026-07-09T12:42:56.364	420	913	597	1097	2760	2671	3117	3495	3748	491	27.34	1018.99	52.77	217303	AS7341	flash	5	100	999	10	100.0	0.15
2026-07-09T12:42:58.352	420	913	597	1096	2760	2671	3117	3495	3748	491	27.34	1018.99	52.78	219621	AS7341	flash	5	100	999	10	100.0	0.15
2026-07-09T12:43:00.447	420	913	597	1097	2761	2672	3117	3496	3750	491	27.33	1019.0	52.78	217159	AS7341	flash	5	100	999	10	100.0	0.15
2026-07-09T12:43:02.440	420	913	597	1096	2758	2671	3116	3494	3747	491	27.34	1018.96	52.79	217734	AS7341	flash	5	100	999	10	100.0	0.15
2026-07-09T12:43:04.431	420	913	597	1097	2760	2671	3117	3495	3748	491	27.34	1018.97	52.79	218022	AS7341	flash	5	100	999	10	100.0	0.15
2026-07-09T12:43:06.421	420	914	597	1097	2759	2671	3115	3495	3748	491	27.35	1019.0	52.79	218601	AS7341	flash	5	100	999	10	100.0	0.15
2026-07-09T12:43:08.405	420	913	597	1096	2759	2670	3115	3494	3747	491	27.34	1018.98	52.79	218456	AS7341	flash	5	100	999	10	100.0	0.15
2026-07-09T12:43:10.389	420	913	597	1096	2758	2670	3115	3494	3747	491	27.35	1019.0	52.79	218456	AS7341	flash	5	100	999	10	100.0	0.15
2026-07-09T12:43:12.373	420	913	597	1096	2758	2670	3115	3494	3747	491	27.34	1019.01	52.79	219475	AS7341	flash	5	100	999	10	100.0	0.15
2026-07-09T12:43:14.361	420	913	597	1096	2758	2670	3115	3494	3746	490	27.35	1019.0	52.77	218311	AS7341	flash	5	100	999	10	100.0	0.15
2026-07-09T12:43:16.352	420	913	597	1096	2758	2671	3115	3494	3747	491	27.35	1019.0	52.77	218601	AS7341	flash	5	100	999	10	100.0	0.15
2026-07-09T12:43:18.441	420	913	597	1096	2758	2670	3116	3494	3747	491	27.35	1018.99	52.79	218891	AS7341	flash	5	100	999	10	100.0	0.15
2026-07-09T12:43:20.434	420	913	597	1096	2758	2670	3114	3493	3746	491	27.35	1018.99	52.78	218456	AS7341	flash	5	100	999	10	100.0	0.15
2026-07-09T12:43:22.416	420	913	597	1095	2758	2670	3116	3494	3746	491	27.35	1018.98	52.79	218022	AS7341	flash	5	100	999	10	100.0	0.15
2026-07-09T12:43:24.403	420	913	597	1096	2757	2669	3113	3493	3745	491	27.35	1018.98	52.79	217446	AS7341	flash	5	100	999	10	100.0	0.15
2026-07-09T12:43:26.384	420	913	597	1096	2758	2670	3114	3494	3747	491	27.35	1018.96	52.77	219621	AS7341	flash	5	100	999	10	100.0	0.15
2026-07-09T12:43:28.365	420	913	597	1096	2757	2670	3114	3493	3745	490	27.35	1019.0	52.78	217159	AS7341	flash	5	100	999	10	100.0	0.15
2026-07-09T12:43:30.352	420	913	597	1095	2757	2670	3114	3493	3746	491	27.36	1019.0	52.78	218022	AS7341	flash	5	100	999	10	100.0	0.15
2026-07-09T12:43:32.441	420	914	597	1096	2757	2670	3114	3493	3745	490	27.33	1018.97	52.8	216731	AS7341	flash	5	100	999	10	100.0	0.15
2026-07-09T12:43:34.424	420	914	597	1096	2758	2670	3115	3494	3746	491	27.35	1018.99	52.81	218891	AS7341	flash	5	100	999	10	100.0	0.15
2026-07-09T12:43:36.417	420	914	597	1096	2757	2670	3114	3493	3746	490	27.35	1018.99	52.8	217734	AS7341	flash	5	100	999	10	100.0	0.15
2026-07-09T12:43:38.407	420	914	597	1096	2757	2670	3113	3493	3746	491	27.35	1019.0	52.81	219183	AS7341	flash	5	100	999	10	100.0	0.15
2026-07-09T12:43:40.401	420	913	597	1094	2757	2668	3113	3493	3745	491	27.34	1018.98	52.81	218022	AS7341	flash	5	100	999	10	100.0	0.15
2026-07-09T12:43:42.399	420	914	597	1096	2757	2668	3113	3493	3745	491	27.34	1018.98	52.81	218311	AS7341	flash	5	100	999	10	100.0	0.15
2026-07-09T12:43:44.394	420	914	597	1095	2756	2668	3114	3493	3745	490	27.35	1019.0	52.81	218022	AS7341	flash	5	100	999	10	100.0	0.15
2026-07-09T12:43:46.377	420	913	597	1095	2757	2669	3113	3493	3745	491	27.35	1018.98	52.83	219768	AS7341	flash	5	100	999	10	100.0	0.15
2026-07-09T12:43:48.362	420	914	597	1095	2756	2668	3114	3493	3745	491	27.35	1019.0	52.84	219768	AS7341	flash	5	100	999	10	100.0	0.15
2026-07-09T12:43:50.350	420	914	597	1094	2755	2668	3112	3491	3744	490	27.34	1018.99	52.83	218456	AS7341	flash	5	100	999	10	100.0	0.15
2026-07-09T12:43:52.443	420	914	597	1096	2756	2668	3113	3493	3745	491	27.32	1018.97	52.83	218746	AS7341	flash	5	100	999	10	100.0	0.15
2026-07-09T12:43:54.432	420	914	597	1094	2756	2668	3113	3492	3744	490	27.33	1018.96	52.83	217734	AS7341	flash	5	100	999	10	100.0	0.15
2026-07-09T12:43:56.424	420	914	597	1094	2756	2668	3113	3492	3744	490	27.33	1018.95	52.85	219183	AS7341	flash	5	100	999	10	100.0	0.15
2026-07-09T12:43:58.415	420	914	597	1095	2756	2668	3112	3493	3745	490	27.34	1018.99	52.85	217590	AS7341	flash	5	100	999	10	100.0	0.15
2026-07-09T12:44:00.399	420	914	597	1094	2756	2667	3113	3492	3744	490	27.33	1018.97	52.86	218022	AS7341	flash	5	100	999	10	100.0	0.15
2026-07-09T12:44:02.383	420	914	597	1095	2755	2667	3112	3492	3744	490	27.33	1018.97	52.87	219183	AS7341	flash	5	100	999	10	100.0	0.15
2026-07-09T12:44:04.370	420	914	597	1094	2755	2667	3113	3492	3744	490	27.33	1018.97	52.87	219329	AS7341	flash	5	100	999	10	100.0	0.15
2026-07-09T12:44:06.360	420	914	597	1095	2755	2667	3113	3492	3744	490	27.33	1018.96	52.88	217590	AS7341	flash	5	100	999	10	100.0	0.15
2026-07-09T12:44:08.445	420	914	596	1096	2756	2667	3112	3493	3745	491	27.31	1018.95	52.88	219037	AS7341	flash	5	100	999	10	100.0	0.15
2026-07-09T12:44:10.429	420	914	597	1094	2755	2667	3113	3492	3744	490	27.32	1018.98	52.9	218311	AS7341	flash	5	100	999	10	100.0	0.15
2026-07-09T12:44:12.413	420	914	597	1094	2754	2666	3112	3491	3743	490	27.32	1018.99	52.89	219329	AS7341	flash	5	100	999	10	100.0	0.15
2026-07-09T12:44:14.401	420	913	597	1095	2754	2666	3111	3491	3743	490	27.32	1018.98	52.9	219475	AS7341	flash	5	100	999	10	100.0	0.15
2026-07-09T12:44:16.402	420	914	597	1094	2754	2667	3111	3491	3743	490	27.32	1018.98	52.91	218022	AS7341	flash	5	100	999	10	100.0	0.15
2026-07-09T12:44:18.388	420	914	596	1094	2754	2666	3112	3491	3743	490	27.31	1018.93	52.92	219768	AS7341	flash	5	100	999	10	100.0	0.15
2026-07-09T12:44:20.376	420	914	597	1094	2755	2666	3111	3492	3744	490	27.31	1018.97	52.92	219621	AS7341	flash	5	100	999	10	100.0	0.15
2026-07-09T12:44:22.365	420	914	597	1094	2755	2666	3111	3492	3744	490	27.31	1018.94	52.94	219768	AS7341	flash	5	100	999	10	100.0	0.15
2026-07-09T12:44:24.355	420	914	596	1094	2755	2666	3112	3492	3743	490	27.31	1018.94	52.94	219475	AS7341	flash	5	100	999	10	100.0	0.15
2026-07-09T12:44:26.442	420	914	596	1094	2754	2666	3111	3492	3743	490	27.29	1018.98	52.96	217303	AS7341	flash	5	100	999	10	100.0	0.15
2026-07-09T12:44:28.429	420	914	597	1094	2755	2667	3112	3492	3744	490	27.3	1018.98	52.96	219037	AS7341	flash	5	100	999	10	100.0	0.15
2026-07-09T12:44:30.418	420	914	596	1094	2754	2666	3112	3492	3743	490	27.3	1018.99	52.97	220209	AS7341	flash	5	100	999	10	100.0	0.15
2026-07-09T12:44:32.400	420	914	596	1094	2754	2666	3111	3491	3743	490	27.29	1018.95	52.99	219183	AS7341	flash	5	100	999	10	100.0	0.15
2026-07-09T12:44:34.384	420	914	596	1094	2755	2666	3111	3492	3744	490	27.3	1018.96	53.0	218601	AS7341	flash	5	100	999	10	100.0	0.15
2026-07-09T12:44:36.369	420	915	596	1094	2755	2666	3112	3492	3744	490	27.3	1018.96	52.99	218891	AS7341	flash	5	100	999	10	100.0	0.15
2026-07-09T12:44:38.357	420	914	597	1094	2755	2666	3112	3493	3744	490	27.3	1018.96	53.01	220503	AS7341	flash	5	100	999	10	100.0	0.15
2026-07-09T12:44:40.347	420	914	596	1094	2753	2665	3111	3491	3742	490	27.3	1018.97	52.99	220061	AS7341	flash	5	100	999	10	100.0	0.15
2026-07-09T12:44:42.447	420	915	596	1094	2754	2666	3111	3492	3743	490	27.29	1018.98	53.0	219329	AS7341	flash	5	100	999	10	100.0	0.15
2026-07-09T12:44:44.430	420	914	596	1094	2754	2665	3110	3491	3743	490	27.3	1018.96	53.01	218456	AS7341	flash	5	100	999	10	100.0	0.15
2026-07-09T12:44:46.428	420	914	596	1094	2753	2665	3111	3491	3742	490	27.29	1018.96	53.02	219183	AS7341	flash	5	100	999	10	100.0	0.15
2026-07-09T12:44:48.418	420	914	596	1094	2753	2665	3109	3491	3742	490	27.29	1018.95	53.01	219914	AS7341	flash	5	100	999	10	100.0	0.15
2026-07-09T12:44:50.403	420	914	596	1094	2753	2666	3110	3490	3742	490	27.29	1018.96	53.02	218891	AS7341	flash	5	100	999	10	100.0	0.15
2026-07-09T12:44:52.389	420	914	596	1094	2754	2665	3110	3491	3743	490	27.29	1018.95	53.01	220356	AS7341	flash	5	100	999	10	100.0	0.15
2026-07-09T12:44:54.381	420	914	596	1094	2754	2665	3111	3490	3743	490	27.29	1018.96	53.05	218891	AS7341	flash	5	100	999	10	100.0	0.15
2026-07-09T12:44:56.365	420	914	596	1094	2753	2665	3111	3492	3742	490	27.29	1018.98	53.04	220356	AS7341	flash	5	100	999	10	100.0	0.15
2026-07-09T12:44:58.363	420	914	596	1094	2754	2665	3110	3492	3743	490	27.3	1018.98	53.08	218891	AS7341	flash	5	100	999	10	100.0	0.15
2026-07-09T12:45:00.355	420	914	596	1094	2754	2665	3112	3492	3743	490	27.3	1018.94	53.08	219475	AS7341	flash	5	100	999	10	100.0	0.15
2026-07-09T12:45:02.443	420	915	596	1094	2754	2666	3112	3492	3744	490	27.29	1019.0	53.09	219768	AS7341	flash	5	100	999	10	100.0	0.15
2026-07-09T12:45:04.426	420	914	596	1094	2753	2666	3110	3491	3743	490	27.29	1018.95	53.12	218891	AS7341	flash	5	100	999	10	100.0	0.15
2026-07-09T12:45:06.421	420	914	596	1093	2752	2664	3111	3490	3742	490	27.29	1018.92	53.13	218601	AS7341	flash	5	100	999	10	100.0	0.15
2026-07-09T12:45:08.406	420	913	596	1094	2752	2664	3111	3490	3742	490	27.3	1018.94	53.14	219183	AS7341	flash	5	100	999	10	100.0	0.15
2026-07-09T12:45:10.397	420	915	596	1094	2753	2665	3111	3491	3742	490	27.29	1018.95	53.15	219768	AS7341	flash	5	100	999	10	100.0	0.15
2026-07-09T12:45:12.384	420	914	596	1093	2753	2665	3110	3491	3742	490	27.29	1018.98	53.15	219914	AS7341	flash	5	100	999	10	100.0	0.15
2026-07-09T12:45:14.371	420	915	596	1094	2754	2665	3111	3492	3743	490	27.3	1018.94	53.17	220209	AS7341	flash	5	100	999	10	100.0	0.15
2026-07-09T12:45:16.361	420	915	596	1094	2753	2664	3111	3491	3742	490	27.29	1018.95	53.16	218601	AS7341	flash	5	100	999	10	100.0	0.15
2026-07-09T12:45:18.452	420	915	596	1094	2754	2665	3111	3492	3743	490	27.29	1018.99	53.17	219621	AS7341	flash	5	100	999	10	100.0	0.15
2026-07-09T12:45:20.442	420	915	596	1094	2752	2665	3111	3491	3743	490	27.29	1018.94	53.19	219475	AS7341	flash	5	100	999	10	100.0	0.15
2026-07-09T12:45:22.435	420	915	596	1093	2752	2664	3109	3491	3742	490	27.3	1018.96	53.17	218891	AS7341	flash	5	100	999	10	100.0	0.15
2026-07-09T12:45:24.420	420	914	596	1093	2752	2665	3110	3490	3742	490	27.29	1018.99	53.18	219183	AS7341	flash	5	100	999	10	100.0	0.15
2026-07-09T12:45:26.398	420	915	596	1093	2752	2665	3110	3491	3742	490	27.29	1018.96	53.18	219329	AS7341	flash	5	100	999	10	100.0	0.15
2026-07-09T12:45:28.389	420	914	596	1093	2753	2664	3110	3492	3742	490	27.28	1018.94	53.19	219768	AS7341	flash	5	100	999	10	100.0	0.15
2026-07-09T12:45:30.375	420	915	596	1094	2752	2664	3110	3491	3742	490	27.29	1018.94	53.19	219329	AS7341	flash	5	100	999	10	100.0	0.15
2026-07-09T12:45:32.357	420	914	596	1093	2751	2663	3110	3490	3741	490	27.28	1018.97	53.2	221244	AS7341	flash	5	100	999	10	100.0	0.15
2026-07-09T12:45:34.446	420	914	596	1093	2752	2664	3110	3491	3742	490	27.27	1018.94	53.24	219183	AS7341	flash	5	100	999	10	100.0	0.15
2026-07-09T12:45:36.433	420	914	596	1093	2751	2663	3110	3491	3741	490	27.28	1018.97	53.23	220356	AS7341	flash	5	100	999	10	100.0	0.15
2026-07-09T12:45:38.431	420	915	596	1093	2751	2663	3109	3491	3741	490	27.27	1018.97	53.24	219329	AS7341	flash	5	100	999	10	100.0	0.15
2026-07-09T12:45:40.421	420	915	596	1093	2752	2663	3111	3491	3742	490	27.27	1018.94	53.26	218601	AS7341	flash	5	100	999	10	100.0	0.15
2026-07-09T12:45:42.409	420	914	596	1093	2751	2663	3109	3491	3741	490	27.27	1018.96	53.26	220356	AS7341	flash	5	100	999	10	100.0	0.15
2026-07-09T12:45:44.387	420	915	596	1093	2752	2665	3111	3491	3742	490	27.27	1018.95	53.26	219475	AS7341	flash	5	100	999	10	100.0	0.15
2026-07-09T12:45:46.374	420	915	596	1093	2752	2664	3111	3492	3743	490	27.27	1018.94	53.28	219329	AS7341	flash	5	100	999	10	100.0	0.15
2026-07-09T12:45:48.370	420	914	596	1093	2753	2665	3112	3492	3743	490	27.27	1018.96	53.26	219768	AS7341	flash	5	100	999	10	100.0	0.15
2026-07-09T12:45:50.361	420	915	596	1094	2753	2665	3113	3493	3744	490	27.27	1018.93	53.28	220799	AS7341	flash	5	100	999	10	100.0	0.15
2026-07-09T12:45:52.350	420	915	596	1094	2753	2666	3112	3494	3744	490	27.27	1018.95	53.3	220503	AS7341	flash	5	100	999	10	100.0	0.15
2026-07-09T12:45:54.447	420	913	596	1094	2754	2666	3113	3494	3744	490	27.26	1018.93	53.3	218166	AS7341	flash	5	100	999	10	100.0	0.15
2026-07-09T12:45:56.432	420	913	596	1094	2755	2667	3114	3495	3745	491	27.26	1018.96	53.32	219475	AS7341	flash	5	100	999	10	100.0	0.15
2026-07-09T12:45:58.427	420	913	596	1094	2754	2667	3113	3495	3744	491	27.27	1018.95	53.32	220356	AS7341	flash	5	100	999	10	100.0	0.15
