timestamp	f1_415	f2_445	f3_480	f4_515	f5_555	f6_590	f7_630	f8_680	clear	nir	T	P	RH	Gas	model	mode	gain	atime	astep	led
2026-07-07T08:53:53.679	928	2147	1321	2726	6591	6225	7136	9067	8027	868	27.22	1012.44	60.57	85784	AS7341	flash	5	100	999	10
2026-07-07T08:53:55.672	928	2147	1321	2725	6588	6222	7134	9066	8025	868	27.22	1012.45	60.59	85347	AS7341	flash	5	100	999	10
2026-07-07T08:53:57.732	928	2147	1321	2725	6588	6221	7133	9066	8024	868	27.22	1012.5	60.6	85522	AS7341	flash	5	100	999	10
2026-07-07T08:53:59.720	928	2148	1322	2725	6586	6221	7133	9067	8024	868	27.22	1012.45	60.62	85260	AS7341	flash	5	100	999	10
2026-07-07T08:54:01.736	928	2148	1321	2724	6585	6219	7132	9067	8024	868	27.22	1012.46	60.64	84915	AS7341	flash	5	100	999	10
2026-07-07T08:54:03.747	928	2148	1321	2723	6582	6216	7128	9063	8020	867	27.22	1012.45	60.64	85174	AS7341	flash	5	100	999	10
2026-07-07T08:54:05.755	928	2148	1321	2723	6580	6214	7127	9062	8019	867	27.22	1012.45	60.65	85434	AS7341	flash	5	100	999	10
2026-07-07T08:54:07.760	928	2149	1322	2723	6579	6212	7125	9061	8017	867	27.23	1012.46	60.69	85260	AS7341	flash	5	100	999	10
2026-07-07T08:54:09.750	929	2150	1323	2727	6597	6222	7134	9113	8131	882	27.23	1012.47	60.71	85347	AS7341	flash	5	100	999	10
2026-07-07T08:54:11.751	927	2148	1322	2721	6578	6211	7125	9062	8016	867	27.23	1012.47	60.73	85697	AS7341	flash	5	100	999	10
2026-07-07T08:54:13.668	927	2147	1321	2719	6573	6208	7121	9057	8011	866	27.23	1012.44	60.74	85697	AS7341	flash	5	100	999	10
2026-07-07T08:54:15.670	927	2148	1321	2722	6577	6212	7126	9061	8016	866	27.23	1012.43	60.76	85697	AS7341	flash	5	100	999	10
2026-07-07T08:54:17.663	927	2148	1321	2723	6578	6215	7130	9065	8018	867	27.23	1012.46	60.79	85434	AS7341	flash	5	100	999	10
2026-07-07T08:54:19.783	929	2148	1321	2724	6583	6220	7137	9070	8022	867	27.22	1012.46	60.84	84743	AS7341	flash	5	100	999	10
2026-07-07T08:54:21.696	933	2152	1329	2742	6612	6238	7154	9140	8180	888	27.23	1012.43	60.89	85001	AS7341	flash	5	100	999	10
2026-07-07T08:54:23.706	928	2146	1321	2724	6588	6226	7143	9076	8026	868	27.24	1012.43	60.92	85174	AS7341	flash	5	100	999	10
2026-07-07T08:54:25.710	929	2145	1321	2724	6589	6227	7145	9077	8027	868	27.23	1012.45	60.94	84915	AS7341	flash	5	100	999	10
2026-07-07T08:54:27.699	928	2144	1320	2723	6588	6227	7145	9077	8028	868	27.24	1012.43	60.97	85434	AS7341	flash	5	100	999	10
2026-07-07T08:54:29.720	928	2145	1321	2724	6590	6228	7147	9079	8029	868	27.24	1012.45	61.01	85260	AS7341	flash	5	100	999	10
2026-07-07T08:54:31.716	928	2145	1321	2724	6588	6226	7146	9079	8028	867	27.24	1012.45	61.06	85174	AS7341	flash	5	100	999	10
2026-07-07T08:54:33.733	928	2145	1321	2723	6586	6224	7143	9075	8025	868	27.25	1012.45	61.14	85174	AS7341	flash	5	100	999	10
2026-07-07T08:54:35.737	928	2145	1321	2722	6584	6222	7140	9075	8023	867	27.25	1012.46	61.19	85174	AS7341	flash	5	100	999	10
2026-07-07T08:54:37.737	928	2145	1321	2721	6581	6219	7138	9072	8021	867	27.26	1012.44	61.23	84829	AS7341	flash	5	100	999	10
2026-07-07T08:54:39.754	928	2146	1321	2721	6576	6214	7132	9068	8016	867	27.26	1012.43	61.32	84829	AS7341	flash	5	100	999	10
2026-07-07T08:54:41.815	928	2148	1321	2720	6574	6212	7129	9067	8015	867	27.26	1012.45	61.41	84915	AS7341	flash	5	100	999	10
2026-07-07T08:54:43.714	927	2147	1321	2719	6570	6207	7125	9062	8011	867	27.28	1012.45	61.46	85087	AS7341	flash	5	100	999	10
2026-07-07T08:54:45.714	927	2149	1322	2718	6569	6206	7124	9063	8011	866	27.28	1012.45	61.54	84829	AS7341	flash	5	100	999	10
2026-07-07T08:54:47.730	927	2149	1322	2717	6565	6202	7119	9059	8008	866	27.28	1012.45	61.61	84572	AS7341	flash	5	100	999	10
2026-07-07T08:54:49.736	926	2150	1322	2716	6561	6197	7114	9055	8003	866	27.29	1012.45	61.66	84657	AS7341	flash	5	100	999	10
2026-07-07T08:54:51.764	927	2150	1321	2714	6555	6191	7108	9049	7998	865	27.29	1012.43	61.72	84401	AS7341	flash	5	100	999	10
2026-07-07T08:54:53.808	927	2152	1321	2713	6550	6185	7102	9046	7994	865	27.3	1012.47	61.8	83894	AS7341	flash	5	100	999	10
2026-07-07T08:54:55.710	926	2152	1321	2710	6542	6178	7093	9037	7985	864	27.31	1012.44	61.89	84743	AS7341	flash	5	100	999	10
2026-07-07T08:54:57.809	926	2153	1321	2710	6538	6173	7088	9035	7982	864	27.3	1012.41	61.97	84147	AS7341	flash	5	100	999	10
2026-07-07T08:54:59.722	926	2154	1321	2708	6533	6167	7082	9029	7976	863	27.32	1012.44	62.06	84486	AS7341	flash	5	100	999	10
2026-07-07T08:55:01.731	926	2156	1321	2707	6527	6160	7075	9024	7971	862	27.33	1012.46	62.15	84316	AS7341	flash	5	100	999	10
2026-07-07T08:55:03.748	925	2156	1321	2705	6520	6153	7066	9017	7966	863	27.32	1012.44	62.24	83810	AS7341	flash	5	100	999	10
2026-07-07T08:55:05.750	925	2158	1321	2703	6513	6145	7058	9011	7959	862	27.33	1012.45	62.31	83642	AS7341	flash	5	100	999	10
2026-07-07T08:55:07.755	924	2158	1321	2700	6505	6138	7049	9004	7951	861	27.34	1012.46	62.4	83978	AS7341	flash	5	100	999	10
2026-07-07T08:55:09.765	924	2160	1321	2699	6498	6130	7042	8995	7943	860	27.34	1012.47	62.43	83810	AS7341	flash	5	100	999	10
2026-07-07T08:55:11.798	924	2161	1321	2696	6493	6124	7035	8992	7939	860	27.35	1012.45	62.49	83726	AS7341	flash	5	100	999	10
2026-07-07T08:55:13.815	923	2162	1321	2694	6487	6116	7027	8987	7933	859	27.36	1012.47	62.53	83642	AS7341	flash	5	100	999	10
2026-07-07T08:55:15.830	923	2163	1321	2692	6479	6109	7019	8980	7926	859	27.35	1012.46	62.58	83476	AS7341	flash	5	100	999	10
2026-07-07T08:55:17.830	923	2165	1321	2691	6472	6101	7011	8972	7920	858	27.37	1012.46	62.64	83559	AS7341	flash	5	100	999	10
2026-07-07T08:55:19.737	922	2166	1321	2690	6466	6094	7004	8967	7915	857	27.38	1012.48	62.68	84147	AS7341	flash	5	100	999	10
2026-07-07T08:55:21.757	922	2167	1321	2688	6462	6090	6999	8964	7911	857	27.37	1012.46	62.74	83559	AS7341	flash	5	100	999	10
2026-07-07T08:55:23.852	922	2169	1321	2687	6456	6084	6993	8960	7906	857	27.38	1012.44	62.81	83062	AS7341	flash	5	100	999	10
2026-07-07T08:55:25.758	921	2169	1321	2684	6447	6074	6982	8949	7896	856	27.4	1012.45	62.87	83559	AS7341	flash	5	100	999	10
2026-07-07T08:55:27.784	921	2171	1322	2683	6445	6072	6979	8948	7895	856	27.39	1012.44	62.94	83310	AS7341	flash	5	100	999	10
2026-07-07T08:55:29.794	921	2171	1321	2682	6439	6065	6972	8943	7889	856	27.4	1012.46	63.01	83227	AS7341	flash	5	100	999	10
2026-07-07T08:55:31.822	920	2173	1321	2679	6433	6058	6966	8938	7883	855	27.41	1012.42	63.07	82897	AS7341	flash	5	100	999	10
2026-07-07T08:55:33.829	920	2173	1321	2678	6429	6055	6963	8936	7881	855	27.41	1012.45	63.12	82979	AS7341	flash	5	100	999	10
2026-07-07T08:55:35.841	920	2175	1321	2678	6425	6051	6958	8931	7877	854	27.42	1012.43	63.19	82979	AS7341	flash	5	100	999	10
2026-07-07T08:55:37.861	920	2174	1321	2676	6422	6049	6955	8929	7873	854	27.43	1012.47	63.24	82734	AS7341	flash	5	100	999	10
2026-07-07T08:55:39.857	920	2175	1322	2676	6419	6046	6952	8927	7873	854	27.44	1012.4	63.31	82734	AS7341	flash	5	100	999	10
2026-07-07T08:55:41.771	920	2176	1321	2674	6413	6040	6946	8922	7866	853	27.46	1012.45	63.37	83144	AS7341	flash	5	100	999	10
2026-07-07T08:55:43.771	920	2178	1322	2673	6413	6040	6946	8924	7867	853	27.45	1012.46	63.41	82897	AS7341	flash	5	100	999	10
2026-07-07T08:55:45.780	920	2178	1322	2672	6407	6033	6940	8918	7862	853	27.46	1012.43	63.48	82489	AS7341	flash	5	100	999	10
2026-07-07T08:55:47.784	919	2179	1322	2670	6402	6028	6933	8912	7856	852	27.47	1012.44	63.56	82489	AS7341	flash	5	100	999	10
2026-07-07T08:55:49.784	919	2181	1322	2669	6399	6025	6931	8911	7854	852	27.48	1012.44	63.66	82489	AS7341	flash	5	100	999	10
2026-07-07T08:55:51.807	919	2181	1322	2668	6389	6015	6920	8902	7844	851	27.48	1012.46	63.75	82165	AS7341	flash	5	100	999	10
2026-07-07T08:55:53.820	919	2183	1322	2667	6386	6013	6918	8902	7844	851	27.5	1012.45	63.84	82246	AS7341	flash	5	100	999	10
2026-07-07T08:55:55.835	918	2183	1322	2664	6380	6005	6909	8893	7836	850	27.5	1012.46	63.89	82246	AS7341	flash	5	100	999	10
2026-07-07T08:55:57.841	918	2185	1322	2664	6374	5998	6903	8889	7831	850	27.5	1012.41	63.94	82165	AS7341	flash	5	100	999	10
2026-07-07T08:55:59.839	918	2186	1322	2662	6370	5994	6899	8886	7827	849	27.51	1012.44	63.98	82004	AS7341	flash	5	100	999	10
2026-07-07T08:56:01.848	918	2188	1322	2660	6364	5987	6892	8880	7822	849	27.52	1012.42	63.99	82165	AS7341	flash	5	100	999	10
2026-07-07T08:56:03.750	917	2188	1322	2658	6358	5982	6884	8874	7816	848	27.53	1012.39	64.02	82489	AS7341	flash	5	100	999	10
2026-07-07T08:56:05.814	917	2189	1322	2657	6354	5978	6881	8872	7814	848	27.53	1012.41	64.05	82327	AS7341	flash	5	100	999	10
2026-07-07T08:56:07.807	917	2190	1322	2655	6347	5971	6873	8865	7806	848	27.53	1012.39	64.09	81525	AS7341	flash	5	100	999	10
2026-07-07T08:56:09.806	917	2191	1322	2654	6343	5966	6869	8862	7803	847	27.54	1012.39	64.12	82085	AS7341	flash	5	100	999	10
2026-07-07T08:56:11.819	916	2192	1322	2652	6339	5962	6865	8859	7801	847	27.55	1012.4	64.16	81605	AS7341	flash	5	100	999	10
2026-07-07T08:56:13.831	916	2193	1323	2651	6333	5956	6859	8853	7795	846	27.55	1012.39	64.21	81685	AS7341	flash	5	100	999	10
2026-07-07T08:56:15.819	916	2194	1323	2650	6329	5951	6854	8850	7791	847	27.57	1012.4	64.26	81605	AS7341	flash	5	100	999	10
2026-07-07T08:56:17.828	916	2195	1323	2648	6327	5949	6852	8849	7790	847	27.57	1012.41	64.3	81525	AS7341	flash	5	100	999	10
2026-07-07T08:56:19.842	916	2196	1323	2647	6321	5943	6845	8845	7785	845	27.57	1012.36	64.35	81844	AS7341	flash	5	100	999	10
2026-07-07T08:56:21.865	916	2197	1323	2646	6315	5936	6837	8838	7778	846	27.58	1012.38	64.39	81367	AS7341	flash	5	100	999	10
2026-07-07T08:56:23.887	916	2199	1323	2645	6312	5933	6832	8831	7774	845	27.57	1012.38	64.44	81446	AS7341	flash	5	100	999	10
2026-07-07T08:56:25.808	915	2203	1324	2644	6305	5925	6817	8806	7763	844	27.54	1012.4	63.8	83393	AS7341	flash	5	100	999	10
2026-07-07T08:56:27.825	915	2208	1325	2644	6298	5915	6798	8779	7751	843	27.52	1012.43	62.4	84486	AS7341	flash	5	100	999	10
2026-07-07T08:56:29.825	916	2214	1326	2644	6294	5908	6785	8753	7741	842	27.52	1012.38	61.01	85960	AS7341	flash	5	100	999	10
2026-07-07T08:56:31.818	915	2217	1327	2645	6294	5906	6774	8732	7736	841	27.51	1012.37	59.83	86942	AS7341	flash	5	100	999	10
2026-07-07T08:56:33.839	915	2220	1327	2646	6295	5904	6766	8713	7731	841	27.51	1012.39	58.87	87487	AS7341	flash	5	100	999	10
2026-07-07T08:56:35.841	915	2223	1328	2648	6295	5903	6758	8697	7727	840	27.5	1012.37	58.06	88131	AS7341	flash	5	100	999	10
2026-07-07T08:56:37.846	915	2225	1329	2649	6297	5904	6754	8684	7725	840	27.5	1012.38	57.42	88880	AS7341	flash	5	100	999	10
2026-07-07T08:56:39.849	915	2227	1330	2651	6302	5905	6751	8672	7725	840	27.5	1012.42	56.88	89449	AS7341	flash	5	100	999	10
2026-07-07T08:56:41.868	914	2228	1330	2651	6305	5908	6748	8661	7725	840	27.49	1012.36	56.43	89641	AS7341	flash	5	100	999	10
2026-07-07T08:56:43.883	915	2229	1330	2654	6309	5910	6746	8651	7724	839	27.5	1012.39	56.06	90317	AS7341	flash	5	100	999	10
2026-07-07T08:56:45.891	915	2231	1331	2657	6315	5915	6748	8648	7728	840	27.5	1012.38	55.76	90807	AS7341	flash	5	100	999	10
2026-07-07T08:56:47.899	915	2231	1331	2659	6320	5919	6749	8642	7731	840	27.51	1012.37	55.5	91103	AS7341	flash	5	100	999	10
2026-07-07T08:56:49.901	916	2231	1332	2662	6327	5926	6752	8640	7734	840	27.51	1012.38	55.3	91203	AS7341	flash	5	100	999	10
2026-07-07T08:56:51.910	915	2230	1331	2664	6332	5930	6755	8636	7736	840	27.51	1012.36	55.18	91702	AS7341	flash	5	100	999	10
2026-07-07T08:56:53.926	916	2229	1332	2668	6343	5940	6763	8640	7745	841	27.51	1012.37	55.07	91702	AS7341	flash	5	100	999	10
2026-07-07T08:56:55.934	916	2228	1332	2670	6351	5949	6769	8642	7751	841	27.52	1012.39	55.02	91602	AS7341	flash	5	100	999	10
2026-07-07T08:56:57.936	916	2227	1332	2673	6360	5957	6776	8646	7758	842	27.52	1012.36	55.02	92004	AS7341	flash	5	100	999	10
2026-07-07T08:56:59.958	916	2225	1332	2676	6370	5967	6786	8654	7767	843	27.53	1012.37	55.13	91502	AS7341	flash	5	100	999	10
2026-07-07T08:57:01.852	917	2224	1332	2680	6376	5974	6793	8657	7772	843	27.54	1012.37	55.22	92410	AS7341	flash	5	100	999	10
2026-07-07T08:57:03.871	917	2221	1332	2683	6389	5987	6806	8665	7782	844	27.54	1012.34	55.28	92105	AS7341	flash	5	100	999	10
2026-07-07T08:57:05.870	918	2218	1331	2687	6404	6002	6823	8677	7796	845	27.54	1012.35	55.29	92004	AS7341	flash	5	100	999	10
2026-07-07T08:57:07.872	919	2215	1331	2691	6416	6016	6834	8686	7807	846	27.54	1012.37	55.26	92410	AS7341	flash	5	100	999	10
2026-07-07T08:57:09.868	919	2215	1332	2694	6422	6022	6839	8689	7812	847	27.55	1012.35	55.18	92308	AS7341	flash	5	100	999	10
2026-07-07T08:57:11.882	919	2214	1332	2696	6428	6027	6844	8692	7818	847	27.55	1012.35	55.09	92410	AS7341	flash	5	100	999	10
2026-07-07T08:57:13.910	919	2213	1331	2697	6434	6033	6849	8695	7822	848	27.55	1012.38	55.02	92512	AS7341	flash	5	100	999	10
2026-07-07T08:57:15.924	919	2212	1332	2699	6439	6038	6852	8697	7826	848	27.55	1012.36	55.0	92410	AS7341	flash	5	100	999	10
2026-07-07T08:57:17.915	920	2213	1332	2702	6444	6042	6856	8700	7829	848	27.57	1012.35	54.98	92923	AS7341	flash	5	100	999	10
2026-07-07T08:57:19.930	920	2212	1332	2702	6445	6043	6855	8697	7829	848	27.58	1012.37	54.97	92717	AS7341	flash	5	100	999	10
2026-07-07T08:57:21.948	920	2211	1332	2705	6453	6051	6863	8703	7837	849	27.58	1012.34	54.95	92717	AS7341	flash	5	100	999	10
2026-07-07T08:57:23.945	921	2207	1331	2708	6470	6069	6883	8718	7852	850	27.59	1012.36	54.93	92923	AS7341	flash	5	100	999	10
2026-07-07T08:57:25.857	922	2202	1332	2715	6499	6102	6919	8749	7882	853	27.6	1012.36	54.93	93026	AS7341	flash	5	100	999	10
2026-07-07T08:57:27.853	923	2195	1331	2724	6531	6137	6959	8780	7912	856	27.6	1012.37	54.94	93233	AS7341	flash	5	100	999	10
2026-07-07T08:57:29.850	926	2189	1331	2734	6564	6174	7000	8814	7943	859	27.61	1012.35	54.99	92820	AS7341	flash	5	100	999	10
2026-07-07T08:57:31.864	926	2184	1331	2741	6584	6196	7024	8833	7963	860	27.61	1012.36	55.02	93026	AS7341	flash	5	100	999	10
2026-07-07T08:57:33.872	926	2183	1331	2742	6588	6200	7027	8835	7966	861	27.62	1012.39	54.99	93130	AS7341	flash	5	100	999	10
2026-07-07T08:57:35.899	926	2184	1331	2742	6587	6196	7021	8830	7963	860	27.62	1012.33	54.83	93337	AS7341	flash	5	100	999	10
2026-07-07T08:57:37.934	926	2186	1331	2742	6588	6195	7018	8827	7963	860	27.63	1012.38	54.66	94283	AS7341	flash	5	100	999	10
2026-07-07T08:57:39.943	926	2186	1332	2743	6589	6197	7018	8827	7964	861	27.64	1012.33	54.51	93337	AS7341	flash	5	100	999	10
2026-07-07T08:57:41.946	926	2184	1332	2746	6600	6208	7030	8836	7974	861	27.65	1012.35	54.41	93233	AS7341	flash	5	100	999	10
2026-07-07T08:57:43.959	927	2183	1332	2749	6604	6212	7034	8838	7977	862	27.66	1012.36	54.44	93233	AS7341	flash	5	100	999	10
2026-07-07T08:57:45.861	926	2183	1332	2748	6602	6210	7029	8834	7975	861	27.68	1012.35	54.48	93965	AS7341	flash	5	100	999	10
2026-07-07T08:57:47.885	926	2184	1332	2748	6602	6208	7026	8830	7974	861	27.68	1012.34	54.38	93650	AS7341	flash	5	100	999	10
2026-07-07T08:57:49.896	927	2180	1331	2753	6623	6231	7051	8850	7994	863	27.69	1012.36	54.29	93755	AS7341	flash	5	100	999	10
2026-07-07T08:57:51.900	929	2176	1332	2761	6650	6261	7085	8878	8021	866	27.7	1012.37	54.29	93337	AS7341	flash	5	100	999	10
2026-07-07T08:57:53.909	930	2172	1332	2767	6670	6283	7109	8898	8040	867	27.7	1012.35	54.33	93546	AS7341	flash	5	100	999	10
2026-07-07T08:57:55.909	930	2170	1332	2769	6680	6294	7121	8906	8049	868	27.71	1012.35	54.34	93546	AS7341	flash	5	100	999	10
